# p +  54Fe Total alpha    production
# Q-value    =-3.14706E+00
# 
# # energies = 24
#    E         xs         Yield
 1.000E+00 0.00000E+00 0.00000E+00
 2.000E+00 0.00000E+00 0.00000E+00
 3.000E+00 0.00000E+00 0.00000E+00
 4.000E+00 0.00000E+00 0.00000E+00
 5.000E+00 1.66622E-24 5.41640E-27
 6.000E+00 2.83925E-13 5.81874E-16
 8.000E+00 3.35337E-02 4.82328E-05
 1.000E+01 2.32969E+00 2.93727E-03
 1.200E+01 1.30122E+01 1.48190E-02
 1.400E+01 2.54100E+01 2.70386E-02
 1.600E+01 3.50972E+01 3.55969E-02
 1.800E+01 4.07299E+01 3.99364E-02
 2.000E+01 4.45979E+01 4.30428E-02
 2.500E+01 5.64945E+01 5.43943E-02
 3.000E+01 7.83726E+01 7.61609E-02
 3.500E+01 8.13099E+01 8.09852E-02
 4.000E+01 7.87022E+01 8.07545E-02
 4.500E+01 7.64629E+01 8.09091E-02
 5.000E+01 7.43809E+01 8.11783E-02
 6.000E+01 7.19576E+01 8.32687E-02
 7.000E+01 7.02519E+01 8.56388E-02
 8.000E+01 6.96495E+01 8.88305E-02
 9.000E+01 7.60914E+01 1.00908E-01
 1.000E+02 8.26695E+01 1.13380E-01
