# p +  57Fe Total alpha    production
# Q-value    = 2.39402E-01
# 
# # energies =    24
#    E         xs         Yield
 1.00000E+00 0.00000E+00 0.00000E+00
 2.00000E+00 0.00000E+00 0.00000E+00
 3.00000E+00 3.67178E-06 1.21518E-07
 4.00000E+00 1.77639E-03 1.06717E-05
 5.00000E+00 5.62542E-02 1.56379E-04
 6.00000E+00 6.22536E-01 1.17959E-03
 8.00000E+00 9.32345E+00 1.30011E-02
 1.00000E+01 2.67668E+01 3.15022E-02
 1.20000E+01 4.13103E+01 4.35363E-02
 1.40000E+01 5.05145E+01 4.98207E-02
 1.60000E+01 5.75797E+01 5.42990E-02
 1.80000E+01 6.50864E+01 5.98004E-02
 2.00000E+01 7.31902E+01 6.63882E-02
 2.50000E+01 9.17001E+01 8.19372E-02
 3.00000E+01 8.94378E+01 8.05195E-02
 3.50000E+01 8.37932E+01 7.71378E-02
 4.00000E+01 7.74994E+01 7.32550E-02
 4.50000E+01 7.13968E+01 6.94866E-02
 5.00000E+01 6.57062E+01 6.58909E-02
 6.00000E+01 5.65055E+01 6.00428E-02
 7.00000E+01 5.09736E+01 5.71051E-02
 8.00000E+01 4.95737E+01 5.82018E-02
 9.00000E+01 5.38568E+01 6.58781E-02
 1.00000E+02 5.88073E+01 7.45545E-02
