# p +  56Fe Total alpha    production
# Q-value    =-1.05332E+00
# 
# # energies = 24
#    E         xs         Yield
 1.000E+00 0.00000E+00 0.00000E+00
 2.000E+00 0.00000E+00 0.00000E+00
 3.000E+00 0.00000E+00 0.00000E+00
 4.000E+00 0.00000E+00 0.00000E+00
 5.000E+00 2.48470E-03 1.95013E-05
 6.000E+00 9.61871E-02 2.99432E-04
 8.000E+00 3.93195E+00 5.83273E-03
 1.000E+01 1.64428E+01 1.99990E-02
 1.200E+01 3.53008E+01 3.82923E-02
 1.400E+01 5.91378E+01 6.00124E-02
 1.600E+01 6.88064E+01 6.66507E-02
 1.800E+01 6.92281E+01 6.50948E-02
 2.000E+01 6.60565E+01 6.12954E-02
 2.500E+01 6.61988E+01 6.10032E-02
 3.000E+01 6.97903E+01 6.48157E-02
 3.500E+01 6.85934E+01 6.52184E-02
 4.000E+01 6.74444E+01 6.59390E-02
 4.500E+01 6.49157E+01 6.53753E-02
 5.000E+01 6.22451E+01 6.46061E-02
 6.000E+01 5.72895E+01 6.30096E-02
 7.000E+01 5.31174E+01 6.15687E-02
 8.000E+01 5.33990E+01 6.48319E-02
 9.000E+01 5.75430E+01 7.27505E-02
 1.000E+02 6.20941E+01 8.13256E-02
