# p +  58Fe Total alpha    production
# Q-value    = 4.21220E-01
# 
# # energies = 24
#    E         xs         Yield
 1.000E+00 0.00000E+00 0.00000E+00
 2.000E+00 0.00000E+00 0.00000E+00
 3.000E+00 2.85969E-04 5.60766E-06
 4.000E+00 7.30367E-03 3.60698E-05
 5.000E+00 8.56992E-02 2.18885E-04
 6.000E+00 5.85288E-01 1.07049E-03
 8.000E+00 5.28196E+00 7.26392E-03
 1.000E+01 1.59107E+01 1.83910E-02
 1.200E+01 2.90017E+01 3.00819E-02
 1.400E+01 3.73875E+01 3.63497E-02
 1.600E+01 4.26739E+01 3.97473E-02
 1.800E+01 4.70271E+01 4.27345E-02
 2.000E+01 5.48731E+01 4.92065E-02
 2.500E+01 7.55206E+01 6.65374E-02
 3.000E+01 8.04329E+01 7.14254E-02
 3.500E+01 8.25897E+01 7.49419E-02
 4.000E+01 8.15868E+01 7.59795E-02
 4.500E+01 7.74359E+01 7.42363E-02
 5.000E+01 7.29315E+01 7.20304E-02
 6.000E+01 6.52684E+01 6.82985E-02
 7.000E+01 5.96219E+01 6.57828E-02
 8.000E+01 5.71474E+01 6.60900E-02
 9.000E+01 6.16209E+01 7.42634E-02
 1.000E+02 6.80906E+01 8.50686E-02
