# p +  54Fe Total deuteron production
# Q-value    =-1.11537E+01
# 
# # energies =    24
#    E         xs         Yield
 1.00000E+00 0.00000E+00 0.00000E+00
 2.00000E+00 0.00000E+00 0.00000E+00
 3.00000E+00 0.00000E+00 0.00000E+00
 4.00000E+00 0.00000E+00 0.00000E+00
 5.00000E+00 0.00000E+00 0.00000E+00
 6.00000E+00 0.00000E+00 0.00000E+00
 8.00000E+00 0.00000E+00 0.00000E+00
 1.00000E+01 0.00000E+00 0.00000E+00
 1.20000E+01 5.32323E-13 6.09320E-16
 1.40000E+01 2.92895E-02 3.12053E-05
 1.60000E+01 1.13933E+00 1.15594E-03
 1.80000E+01 4.18927E+00 4.10804E-03
 2.00000E+01 8.46326E+00 8.16836E-03
 2.50000E+01 2.04972E+01 1.97353E-02
 3.00000E+01 3.23458E+01 3.14330E-02
 3.50000E+01 4.03985E+01 4.02372E-02
 4.00000E+01 4.83747E+01 4.96362E-02
 4.50000E+01 5.49180E+01 5.81114E-02
 5.00000E+01 6.04941E+01 6.60224E-02
 6.00000E+01 6.85684E+01 7.93468E-02
 7.00000E+01 7.39624E+01 9.01620E-02
 8.00000E+01 7.77013E+01 9.90997E-02
 9.00000E+01 7.75115E+01 1.02792E-01
 1.00000E+02 7.88878E+01 1.08194E-01
