# p +  56Fe Total deuteron production
# Q-value    =-8.97273E+00
# 
# # energies = 24
#    E         xs         Yield
 1.000E+00 0.00000E+00 0.00000E+00
 2.000E+00 0.00000E+00 0.00000E+00
 3.000E+00 0.00000E+00 0.00000E+00
 4.000E+00 0.00000E+00 0.00000E+00
 5.000E+00 0.00000E+00 0.00000E+00
 6.000E+00 0.00000E+00 0.00000E+00
 8.000E+00 0.00000E+00 0.00000E+00
 1.000E+01 9.91905E-11 1.19249E-13
 1.200E+01 8.44508E-02 9.14888E-05
 1.400E+01 1.73184E+00 1.75688E-03
 1.600E+01 5.90338E+00 5.71795E-03
 1.800E+01 1.20627E+01 1.13422E-02
 2.000E+01 1.81707E+01 1.68610E-02
 2.500E+01 3.06721E+01 2.82648E-02
 3.000E+01 4.35774E+01 4.04712E-02
 3.500E+01 5.51879E+01 5.24725E-02
 4.000E+01 6.27681E+01 6.13670E-02
 4.500E+01 6.87360E+01 6.92227E-02
 5.000E+01 7.19403E+01 7.46690E-02
 6.000E+01 7.88136E+01 8.66828E-02
 7.000E+01 8.42226E+01 9.76230E-02
 8.000E+01 8.82834E+01 1.07185E-01
 9.000E+01 9.25817E+01 1.17049E-01
 1.000E+02 9.79460E+01 1.28281E-01
