# p +  58Fe Total deuteron production
# Q-value    =-7.82004E+00
# 
# # energies = 24
#    E         xs         Yield
 1.000E+00 0.00000E+00 0.00000E+00
 2.000E+00 0.00000E+00 0.00000E+00
 3.000E+00 0.00000E+00 0.00000E+00
 4.000E+00 0.00000E+00 0.00000E+00
 5.000E+00 0.00000E+00 0.00000E+00
 6.000E+00 0.00000E+00 0.00000E+00
 8.000E+00 0.00000E+00 0.00000E+00
 1.000E+01 2.42547E-03 2.80712E-06
 1.200E+01 5.75124E-01 5.96634E-04
 1.400E+01 2.70209E+00 2.62718E-03
 1.600E+01 7.03949E+00 6.55678E-03
 1.800E+01 1.31824E+01 1.19791E-02
 2.000E+01 1.99141E+01 1.78576E-02
 2.500E+01 3.68616E+01 3.24769E-02
 3.000E+01 5.03490E+01 4.47105E-02
 3.500E+01 5.95919E+01 5.40736E-02
 4.000E+01 6.73636E+01 6.27339E-02
 4.500E+01 7.32452E+01 7.02188E-02
 5.000E+01 7.73916E+01 7.64354E-02
 6.000E+01 8.28891E+01 8.67373E-02
 7.000E+01 8.69049E+01 9.58851E-02
 8.000E+01 8.99990E+01 1.04082E-01
 9.000E+01 8.78967E+01 1.05930E-01
 1.000E+02 8.77451E+01 1.09624E-01
