# p +  57Fe Total deuteron production
# Q-value    =-5.42151E+00
# 
# # energies =    24
#    E         xs         Yield
 1.00000E+00 0.00000E+00 0.00000E+00
 2.00000E+00 0.00000E+00 0.00000E+00
 3.00000E+00 0.00000E+00 0.00000E+00
 4.00000E+00 0.00000E+00 0.00000E+00
 5.00000E+00 0.00000E+00 0.00000E+00
 6.00000E+00 3.11481E-17 5.90201E-20
 8.00000E+00 1.71532E-02 2.39194E-05
 1.00000E+01 1.02274E+00 1.20368E-03
 1.20000E+01 3.89961E+00 4.10974E-03
 1.40000E+01 9.42367E+00 9.29423E-03
 1.60000E+01 1.62543E+01 1.53282E-02
 1.80000E+01 2.30489E+01 2.11770E-02
 2.00000E+01 2.93719E+01 2.66421E-02
 2.50000E+01 4.23469E+01 3.78385E-02
 3.00000E+01 5.48675E+01 4.93964E-02
 3.50000E+01 6.37220E+01 5.86608E-02
 4.00000E+01 7.07990E+01 6.69215E-02
 4.50000E+01 7.66245E+01 7.45744E-02
 5.00000E+01 7.87458E+01 7.89671E-02
 6.00000E+01 8.41364E+01 8.94035E-02
 7.00000E+01 8.74577E+01 9.79779E-02
 8.00000E+01 8.97867E+01 1.05414E-01
 9.00000E+01 8.78057E+01 1.07405E-01
 1.00000E+02 8.78141E+01 1.11329E-01
