# p +  56Fe Elastic cross sections
# 
# 
# # energies =    24
#    E      Cross section
 1.00000E+00 7.72319E-04
 2.00000E+00 2.41603E+00
 3.00000E+00 3.52414E+01
 4.00000E+00 1.27021E+02
 5.00000E+00 2.16053E+02
 6.00000E+00 1.97077E+02
 8.00000E+00 4.46848E+01
 1.00000E+01 1.03590E+01
 1.20000E+01 1.31352E+00
 1.40000E+01 3.49034E-01
 1.60000E+01 9.33813E-02
 1.80000E+01 2.48886E-02
 2.00000E+01 6.43571E-03
 2.50000E+01 2.21994E-04
 3.00000E+01 9.47505E-06
 3.50000E+01 5.71774E-07
 4.00000E+01 1.28584E-07
 4.50000E+01 1.02023E-07
 5.00000E+01 1.00164E-07
 6.00000E+01 1.00001E-07
 7.00000E+01 1.00000E-07
 8.00000E+01 9.83536E-08
 9.00000E+01 9.57255E-08
 1.00000E+02 9.35565E-08
