# p +  54Fe Elastic cross sections
# 
# 
# # energies =    24
#    E      Cross section
 1.00000E+00 2.02057E-03
 2.00000E+00 1.99252E+00
 3.00000E+00 3.04647E+01
 4.00000E+00 1.22843E+02
 5.00000E+00 2.36037E+02
 6.00000E+00 2.74325E+02
 8.00000E+00 1.36093E+02
 1.00000E+01 1.82456E+01
 1.20000E+01 4.43861E+00
 1.40000E+01 1.16153E+00
 1.60000E+01 3.29861E-01
 1.80000E+01 9.66022E-02
 2.00000E+01 2.76467E-02
 2.50000E+01 1.09566E-03
 3.00000E+01 4.76395E-05
 3.50000E+01 2.50124E-06
 4.00000E+01 2.44500E-07
 4.50000E+01 1.10183E-07
 5.00000E+01 1.00816E-07
 6.00000E+01 1.00007E-07
 7.00000E+01 1.00000E-07
 8.00000E+01 9.87323E-08
 9.00000E+01 9.57617E-08
 1.00000E+02 9.32975E-08
