# p +  58Fe Elastic cross sections
# 
# 
# # energies =    24
#    E      Cross section
 1.00000E+00 2.95319E-04
 2.00000E+00 2.65942E+00
 3.00000E+00 4.52768E+01
 4.00000E+00 6.37085E+01
 5.00000E+00 3.11915E+01
 6.00000E+00 1.55956E+01
 8.00000E+00 4.04912E+00
 1.00000E+01 1.09643E+00
 1.20000E+01 1.42327E-01
 1.40000E+01 3.74514E-02
 1.60000E+01 9.63011E-03
 1.80000E+01 2.42751E-03
 2.00000E+01 6.15445E-04
 2.50000E+01 2.35346E-05
 3.00000E+01 1.20448E-06
 3.50000E+01 1.62635E-07
 4.00000E+01 1.04235E-07
 4.50000E+01 1.00331E-07
 5.00000E+01 1.00029E-07
 6.00000E+01 1.00000E-07
 7.00000E+01 1.00000E-07
 8.00000E+01 9.91565E-08
 9.00000E+01 9.66955E-08
 1.00000E+02 9.46296E-08
