# p +  57Fe Elastic cross sections
# 
# 
# # energies = 24
#    E      Cross section
 1.000E+00   6.6693E-05
 2.000E+00   9.3473E-01
 3.000E+00   1.5518E+01
 4.000E+00   2.3520E+01
 5.000E+00   2.2448E+01
 6.000E+00   1.6825E+01
 8.000E+00   5.9287E+00
 1.000E+01   1.7505E+00
 1.200E+01   3.0710E-01
 1.400E+01   8.3444E-02
 1.600E+01   2.1967E-02
 1.800E+01   5.6599E-03
 2.000E+01   1.4499E-03
 2.500E+01   5.5725E-05
 3.000E+01   2.7587E-06
 3.500E+01   2.5154E-07
 4.000E+01   1.1020E-07
 4.500E+01   1.0078E-07
 5.000E+01   1.0007E-07
 6.000E+01   1.0000E-07
 7.000E+01   1.0000E-07
 8.000E+01   9.8165E-08
 9.000E+01   9.5640E-08
 1.000E+02   9.3527E-08
