# p +  57Fe Total gamma    production
# Q-value    = 6.95435E+00
# 
# # energies = 24
#    E         xs         Yield
 1.000E+00 6.93656E-03 2.29920E+00
 2.000E+00 3.20309E-01 1.82438E-01
 3.000E+00 6.53390E-01 2.16232E-02
 4.000E+00 5.38234E-01 3.23395E-03
 5.000E+00 9.31083E+01 2.59048E-01
 6.000E+00 2.55210E+02 4.83825E-01
 8.000E+00 5.78215E+02 8.06347E-01
 1.000E+01 8.43344E+02 9.92550E-01
 1.200E+01 7.53246E+02 7.93834E-01
 1.400E+01 5.64540E+02 5.56786E-01
 1.600E+01 5.75355E+02 5.42573E-01
 1.800E+01 7.73580E+02 7.10753E-01
 2.000E+01 1.00612E+03 9.12615E-01
 2.500E+01 1.36614E+03 1.22069E+00
 3.000E+01 1.25646E+03 1.13117E+00
 3.500E+01 1.38307E+03 1.27322E+00
 4.000E+01 1.34094E+03 1.26750E+00
 4.500E+01 1.22777E+03 1.19492E+00
 5.000E+01 1.17559E+03 1.17889E+00
 6.000E+01 1.06947E+03 1.13642E+00
 7.000E+01 9.95312E+02 1.11504E+00
 8.000E+01 9.14664E+02 1.07386E+00
 9.000E+01 8.65125E+02 1.05823E+00
 1.000E+02 8.19822E+02 1.03935E+00
