# p +  56Fe Total gamma    production
# Q-value    = 6.02782E+00
# 
# # energies = 24
#    E         xs         Yield
 1.000E+00 5.09910E-03 1.54515E+00
 2.000E+00 3.17974E-01 1.25038E-01
 3.000E+00 7.47955E-01 1.90667E-02
 4.000E+00 1.23495E+00 7.62521E-03
 5.000E+00 1.87983E+00 5.47594E-03
 6.000E+00 4.17120E+00 8.07314E-03
 8.000E+00 1.57422E+02 2.19585E-01
 1.000E+01 6.03457E+02 7.25487E-01
 1.200E+01 1.01263E+03 1.09702E+00
 1.400E+01 1.23996E+03 1.25789E+00
 1.600E+01 1.08444E+03 1.05038E+00
 1.800E+01 8.50694E+02 7.99885E-01
 2.000E+01 8.70041E+02 8.07328E-01
 2.500E+01 1.35823E+03 1.25163E+00
 3.000E+01 1.34217E+03 1.24650E+00
 3.500E+01 1.20218E+03 1.14303E+00
 4.000E+01 1.26089E+03 1.23275E+00
 4.500E+01 1.17190E+03 1.18019E+00
 5.000E+01 1.10448E+03 1.14637E+00
 6.000E+01 1.03857E+03 1.14227E+00
 7.000E+01 9.38322E+02 1.08762E+00
 8.000E+01 8.82354E+02 1.07127E+00
 9.000E+01 8.24384E+02 1.04225E+00
 1.000E+02 7.66608E+02 1.00404E+00
