# p +  58Fe Total gamma    production
# Q-value    = 7.36396E+00
# 
# # energies = 24
#    E         xs         Yield
 1.000E+00 6.16527E-03 1.84595E+00
 2.000E+00 1.34525E+00 4.48452E-01
 3.000E+00 4.78643E+00 9.38586E-02
 4.000E+00 1.42549E+00 7.03991E-03
 5.000E+00 1.64219E+02 4.19433E-01
 6.000E+00 4.40205E+02 8.05138E-01
 8.000E+00 9.09333E+02 1.25054E+00
 1.000E+01 1.33000E+03 1.53734E+00
 1.200E+01 1.67657E+03 1.73902E+00
 1.400E+01 1.10720E+03 1.07646E+00
 1.600E+01 7.74584E+02 7.21463E-01
 1.800E+01 9.10933E+02 8.27783E-01
 2.000E+01 1.16366E+03 1.04349E+00
 2.500E+01 1.44410E+03 1.27232E+00
 3.000E+01 1.29397E+03 1.14906E+00
 3.500E+01 1.47169E+03 1.33541E+00
 4.000E+01 1.49861E+03 1.39562E+00
 4.500E+01 1.42096E+03 1.36225E+00
 5.000E+01 1.38635E+03 1.36922E+00
 6.000E+01 1.29462E+03 1.35472E+00
 7.000E+01 1.18921E+03 1.31210E+00
 8.000E+01 1.11055E+03 1.28434E+00
 9.000E+01 9.79979E+02 1.18104E+00
 1.000E+02 9.39266E+02 1.17347E+00
