# p +  54Fe Total gamma    production
# Q-value    = 5.06436E+00
# 
# # energies =    24
#    E         xs         Yield
 1.00000E+00 7.36368E-04 9.99995E-01
 2.00000E+00 2.08413E-02 1.19684E+00
 3.00000E+00 6.25598E-02 1.35652E-01
 4.00000E+00 9.56196E-02 7.68060E-03
 5.00000E+00 1.34476E-01 1.87848E-03
 6.00000E+00 1.91288E-01 8.95441E-04
 8.00000E+00 1.06856E+01 1.91103E-02
 1.00000E+01 2.20609E+02 2.84692E-01
 1.20000E+01 5.53619E+02 6.33695E-01
 1.40000E+01 7.83116E+02 8.34337E-01
 1.60000E+01 6.67240E+02 6.76965E-01
 1.80000E+01 4.03857E+02 3.96026E-01
 2.00000E+01 3.04706E+02 2.94088E-01
 2.50000E+01 6.19818E+02 5.96777E-01
 3.00000E+01 7.45845E+02 7.24797E-01
 3.50000E+01 6.32741E+02 6.30214E-01
 4.00000E+01 6.99083E+02 7.17314E-01
 4.50000E+01 6.73351E+02 7.12505E-01
 5.00000E+01 6.37568E+02 6.95833E-01
 6.00000E+01 6.25339E+02 7.23637E-01
 7.00000E+01 6.04799E+02 7.37265E-01
 8.00000E+01 5.87122E+02 7.48811E-01
 9.00000E+01 5.76872E+02 7.65017E-01
 1.00000E+02 5.61448E+02 7.70020E-01
