# p +  54Fe Total helium-3 production
# Q-value    =-1.31892E+01
# 
# # energies = 24
#    E         xs         Yield
 1.000E+00 0.00000E+00 0.00000E+00
 2.000E+00 0.00000E+00 0.00000E+00
 3.000E+00 0.00000E+00 0.00000E+00
 4.000E+00 0.00000E+00 0.00000E+00
 5.000E+00 0.00000E+00 0.00000E+00
 6.000E+00 0.00000E+00 0.00000E+00
 8.000E+00 0.00000E+00 0.00000E+00
 1.000E+01 0.00000E+00 0.00000E+00
 1.200E+01 0.00000E+00 0.00000E+00
 1.400E+01 0.00000E+00 0.00000E+00
 1.600E+01 2.19266E-15 2.22387E-18
 1.800E+01 3.00405E-05 2.94553E-08
 2.000E+01 3.84320E-03 3.70919E-06
 2.500E+01 2.98575E-01 2.87476E-04
 3.000E+01 1.36452E+00 1.32602E-03
 3.500E+01 2.83304E+00 2.82173E-03
 4.000E+01 4.18963E+00 4.29888E-03
 4.500E+01 5.44072E+00 5.75708E-03
 5.000E+01 6.47165E+00 7.06307E-03
 6.000E+01 7.83454E+00 9.06607E-03
 7.000E+01 8.64856E+00 1.05428E-02
 8.000E+01 9.32909E+00 1.18983E-02
 9.000E+01 1.02620E+01 1.36089E-02
 1.000E+02 1.15075E+01 1.57825E-02
