# p +  56Fe Total helium-3 production
# Q-value    =-1.26920E+01
# 
# # energies = 24
#    E         xs         Yield
 1.000E+00 0.00000E+00 0.00000E+00
 2.000E+00 0.00000E+00 0.00000E+00
 3.000E+00 0.00000E+00 0.00000E+00
 4.000E+00 0.00000E+00 0.00000E+00
 5.000E+00 0.00000E+00 0.00000E+00
 6.000E+00 0.00000E+00 0.00000E+00
 8.000E+00 0.00000E+00 0.00000E+00
 1.000E+01 0.00000E+00 0.00000E+00
 1.200E+01 0.00000E+00 0.00000E+00
 1.400E+01 2.90378E-31 2.94575E-34
 1.600E+01 2.00209E-08 1.93926E-11
 1.800E+01 1.32255E-04 1.24358E-07
 2.000E+01 6.46300E-03 5.99703E-06
 2.500E+01 3.39408E-01 3.12761E-04
 3.000E+01 1.30157E+00 1.20874E-03
 3.500E+01 2.52182E+00 2.39785E-03
 4.000E+01 3.68806E+00 3.60584E-03
 4.500E+01 4.69088E+00 4.72409E-03
 5.000E+01 5.49063E+00 5.69886E-03
 6.000E+01 6.50140E+00 7.15052E-03
 7.000E+01 7.14216E+00 8.27856E-03
 8.000E+01 7.70864E+00 9.35912E-03
 9.000E+01 8.43307E+00 1.06618E-02
 1.000E+02 9.38362E+00 1.22899E-02
