# p +  57Fe Total helium-3 production
# Q-value    =-1.01117E+01
# 
# # energies =    24
#    E         xs         Yield
 1.00000E+00 0.00000E+00 0.00000E+00
 2.00000E+00 0.00000E+00 0.00000E+00
 3.00000E+00 0.00000E+00 0.00000E+00
 4.00000E+00 0.00000E+00 0.00000E+00
 5.00000E+00 0.00000E+00 0.00000E+00
 6.00000E+00 0.00000E+00 0.00000E+00
 8.00000E+00 0.00000E+00 0.00000E+00
 1.00000E+01 0.00000E+00 0.00000E+00
 1.20000E+01 2.56894E-17 2.70737E-20
 1.40000E+01 5.19452E-07 5.12318E-10
 1.60000E+01 2.66452E-04 2.51270E-07
 1.80000E+01 5.04224E-03 4.63273E-06
 2.00000E+01 4.05114E-02 3.67464E-05
 2.50000E+01 1.88241E+00 1.68200E-03
 3.00000E+01 6.47541E+00 5.82971E-03
 3.50000E+01 1.16444E+01 1.07196E-02
 4.00000E+01 1.59879E+01 1.51123E-02
 4.50000E+01 1.96337E+01 1.91084E-02
 5.00000E+01 2.24538E+01 2.25170E-02
 6.00000E+01 2.58026E+01 2.74179E-02
 7.00000E+01 2.76915E+01 3.10225E-02
 8.00000E+01 2.93232E+01 3.44268E-02
 9.00000E+01 3.11612E+01 3.81166E-02
 1.00000E+02 3.35402E+01 4.25215E-02
