# p +  58Fe Total helium-3 production
# Q-value    =-1.28859E+01
# 
# # energies = 24
#    E         xs         Yield
 1.000E+00 0.00000E+00 0.00000E+00
 2.000E+00 0.00000E+00 0.00000E+00
 3.000E+00 0.00000E+00 0.00000E+00
 4.000E+00 0.00000E+00 0.00000E+00
 5.000E+00 0.00000E+00 0.00000E+00
 6.000E+00 0.00000E+00 0.00000E+00
 8.000E+00 0.00000E+00 0.00000E+00
 1.000E+01 0.00000E+00 0.00000E+00
 1.200E+01 0.00000E+00 0.00000E+00
 1.400E+01 0.00000E+00 0.00000E+00
 1.600E+01 4.30322E-10 4.00814E-13
 1.800E+01 1.52758E-05 1.38815E-08
 2.000E+01 3.15772E-03 2.83163E-06
 2.500E+01 9.45453E-01 8.32991E-04
 3.000E+01 4.34836E+00 3.86140E-03
 3.500E+01 8.41791E+00 7.63841E-03
 4.000E+01 1.22853E+01 1.14409E-02
 4.500E+01 1.57314E+01 1.50814E-02
 5.000E+01 1.84690E+01 1.82408E-02
 6.000E+01 2.18095E+01 2.28220E-02
 7.000E+01 2.39279E+01 2.64005E-02
 8.000E+01 2.57358E+01 2.97631E-02
 9.000E+01 2.75647E+01 3.32201E-02
 1.000E+02 2.98616E+01 3.73074E-02
