# p +  58Fe Nonelastic cross sections
# 
# 
# # energies =    24
#    E      Cross section
 1.00000E+00 3.04455E-03
 2.00000E+00 3.40297E-01
 3.00000E+00 5.71906E+00
 4.00000E+00 1.38775E+02
 5.00000E+00 3.60332E+02
 6.00000E+00 5.31148E+02
 8.00000E+00 7.23100E+02
 1.00000E+01 8.64039E+02
 1.20000E+01 9.63947E+02
 1.40000E+01 1.02851E+03
 1.60000E+01 1.07362E+03
 1.80000E+01 1.10045E+03
 2.00000E+01 1.11516E+03
 2.50000E+01 1.13501E+03
 3.00000E+01 1.12611E+03
 3.50000E+01 1.10205E+03
 4.00000E+01 1.07380E+03
 4.50000E+01 1.04310E+03
 5.00000E+01 1.01251E+03
 6.00000E+01 9.55634E+02
 7.00000E+01 9.06345E+02
 8.00000E+01 8.64689E+02
 9.00000E+01 8.29761E+02
 1.00000E+02 8.00421E+02
