# p +  57Fe Nonelastic cross sections
# 
# 
# # energies = 24
#    E      Cross section
 1.000E+00   3.0169E-03
 2.000E+00   1.7557E+00
 3.000E+00   3.0217E+01
 4.000E+00   1.6643E+02
 5.000E+00   3.5943E+02
 6.000E+00   5.2748E+02
 8.000E+00   7.1708E+02
 1.000E+01   8.4967E+02
 1.200E+01   9.4887E+02
 1.400E+01   1.0139E+03
 1.600E+01   1.0604E+03
 1.800E+01   1.0884E+03
 2.000E+01   1.1025E+03
 2.500E+01   1.1192E+03
 3.000E+01   1.1108E+03
 3.500E+01   1.0863E+03
 4.000E+01   1.0579E+03
 4.500E+01   1.0275E+03
 5.000E+01   9.9720E+02
 6.000E+01   9.4109E+02
 7.000E+01   8.9263E+02
 8.000E+01   8.5176E+02
 9.000E+01   8.1752E+02
 1.000E+02   7.8878E+02
