# p +  54Fe Nonelastic cross sections
# 
# 
# # energies = 24
#    E      Cross section
 1.000E+00   7.3303E-04
 2.000E+00   1.7543E-02
 3.000E+00   4.6138E-01
 4.000E+00   1.2450E+01
 5.000E+00   7.1588E+01
 6.000E+00   2.1373E+02
 8.000E+00   5.6001E+02
 1.000E+01   7.7482E+02
 1.200E+01   8.7367E+02
 1.400E+01   9.3862E+02
 1.600E+01   9.8564E+02
 1.800E+01   1.0198E+03
 2.000E+01   1.0361E+03
 2.500E+01   1.0386E+03
 3.000E+01   1.0290E+03
 3.500E+01   1.0040E+03
 4.000E+01   9.7459E+02
 4.500E+01   9.4505E+02
 5.000E+01   9.1627E+02
 6.000E+01   8.6416E+02
 7.000E+01   8.2033E+02
 8.000E+01   7.8407E+02
 9.000E+01   7.5406E+02
 1.000E+02   7.2913E+02
