# p +  56Fe Nonelastic cross sections
# 
# 
# # energies = 24
#    E      Cross section
 1.000E+00   2.5199E-03
 2.000E+00   1.2596E-01
 3.000E+00   3.9851E+00
 4.000E+00   3.4932E+01
 5.000E+00   1.2741E+02
 6.000E+00   3.2123E+02
 8.000E+00   6.7412E+02
 1.000E+01   8.2218E+02
 1.200E+01   9.2188E+02
 1.400E+01   9.8543E+02
 1.600E+01   1.0323E+03
 1.800E+01   1.0635E+03
 2.000E+01   1.0777E+03
 2.500E+01   1.0852E+03
 3.000E+01   1.0768E+03
 3.500E+01   1.0518E+03
 4.000E+01   1.0228E+03
 4.500E+01   9.9297E+02
 5.000E+01   9.6346E+02
 6.000E+01   9.0922E+02
 7.000E+01   8.6273E+02
 8.000E+01   8.2365E+02
 9.000E+01   7.9096E+02
 1.000E+02   7.6353E+02
