# p +  57Fe Total neutron  production
# Q-value    =-1.61828E+00
# 
# # energies = 24
#    E         xs         Yield
 1.000E+00 0.00000E+00 0.00000E+00
 2.000E+00 1.22476E+00 4.55226E-01
 3.000E+00 1.94424E+01 4.25110E-01
 4.000E+00 1.33240E+02 7.01437E-01
 5.000E+00 2.81977E+02 7.38404E-01
 6.000E+00 3.98539E+02 7.32190E-01
 8.000E+00 5.23990E+02 7.24735E-01
 1.000E+01 5.91622E+02 6.94862E-01
 1.200E+01 6.49738E+02 6.84527E-01
 1.400E+01 7.66676E+02 7.56083E-01
 1.600E+01 9.67862E+02 9.12699E-01
 1.800E+01 1.07083E+03 9.83856E-01
 2.000E+01 1.10453E+03 1.00188E+00
 2.500E+01 1.14755E+03 1.02538E+00
 3.000E+01 1.32310E+03 1.19116E+00
 3.500E+01 1.37691E+03 1.26754E+00
 4.000E+01 1.41487E+03 1.33739E+00
 4.500E+01 1.46328E+03 1.42413E+00
 5.000E+01 1.47999E+03 1.48415E+00
 6.000E+01 1.52912E+03 1.62484E+00
 7.000E+01 1.56382E+03 1.75192E+00
 8.000E+01 1.60633E+03 1.88590E+00
 9.000E+01 1.65079E+03 2.01926E+00
 1.000E+02 1.72185E+03 2.18292E+00
