# p +  58Fe Total neutron  production
# Q-value    =-3.08990E+00
# 
# # energies = 24
#    E         xs         Yield
 1.000E+00 0.00000E+00 0.00000E+00
 2.000E+00 0.00000E+00 0.00000E+00
 3.000E+00 0.00000E+00 0.00000E+00
 4.000E+00 1.52589E+02 7.53572E-01
 5.000E+00 3.49180E+02 8.91843E-01
 6.000E+00 4.89970E+02 8.96159E-01
 8.000E+00 6.32898E+02 8.70381E-01
 1.000E+01 7.21346E+02 8.33796E-01
 1.200E+01 7.81252E+02 8.10351E-01
 1.400E+01 1.13512E+03 1.10361E+00
 1.600E+01 1.37568E+03 1.28133E+00
 1.800E+01 1.47128E+03 1.33698E+00
 2.000E+01 1.49120E+03 1.33721E+00
 2.500E+01 1.49024E+03 1.31298E+00
 3.000E+01 1.63268E+03 1.44984E+00
 3.500E+01 1.65934E+03 1.50568E+00
 4.000E+01 1.68961E+03 1.57348E+00
 4.500E+01 1.73413E+03 1.66248E+00
 5.000E+01 1.76114E+03 1.73938E+00
 6.000E+01 1.78678E+03 1.86973E+00
 7.000E+01 1.82165E+03 2.00988E+00
 8.000E+01 1.84850E+03 2.13776E+00
 9.000E+01 1.91415E+03 2.30686E+00
 1.000E+02 1.98723E+03 2.48273E+00
