# p +  56Fe Total neutron  production
# Q-value    =-5.34835E+00
# 
# # energies = 24
#    E         xs         Yield
 1.000E+00 0.00000E+00 0.00000E+00
 2.000E+00 0.00000E+00 0.00000E+00
 3.000E+00 0.00000E+00 0.00000E+00
 4.000E+00 0.00000E+00 0.00000E+00
 5.000E+00 0.00000E+00 0.00000E+00
 6.000E+00 7.93348E+01 1.53548E-01
 8.000E+00 2.78736E+02 3.88803E-01
 1.000E+01 3.18570E+02 3.82991E-01
 1.200E+01 3.45226E+02 3.73996E-01
 1.400E+01 3.64934E+02 3.70210E-01
 1.600E+01 4.60714E+02 4.46243E-01
 1.800E+01 6.65388E+02 6.25647E-01
 2.000E+01 7.77961E+02 7.21885E-01
 2.500E+01 8.63398E+02 7.95634E-01
 3.000E+01 9.59273E+02 8.90897E-01
 3.500E+01 1.06059E+03 1.00841E+00
 4.000E+01 1.07633E+03 1.05231E+00
 4.500E+01 1.10771E+03 1.11555E+00
 5.000E+01 1.13417E+03 1.17719E+00
 6.000E+01 1.16950E+03 1.28627E+00
 7.000E+01 1.20850E+03 1.40078E+00
 8.000E+01 1.25519E+03 1.52392E+00
 9.000E+01 1.33399E+03 1.68654E+00
 1.000E+02 1.41913E+03 1.85866E+00
