# p +  54Fe Total neutron  production
# Q-value    =-9.02543E+00
# 
# # energies = 24
#    E         xs         Yield
 1.000E+00 0.00000E+00 0.00000E+00
 2.000E+00 0.00000E+00 0.00000E+00
 3.000E+00 0.00000E+00 0.00000E+00
 4.000E+00 0.00000E+00 0.00000E+00
 5.000E+00 0.00000E+00 0.00000E+00
 6.000E+00 0.00000E+00 0.00000E+00
 8.000E+00 0.00000E+00 0.00000E+00
 1.000E+01 6.63330E+00 8.36324E-03
 1.200E+01 5.74249E+01 6.53990E-02
 1.400E+01 1.13762E+02 1.21053E-01
 1.600E+01 1.36651E+02 1.38597E-01
 1.800E+01 1.68292E+02 1.65009E-01
 2.000E+01 2.42405E+02 2.33959E-01
 2.500E+01 3.16975E+02 3.05195E-01
 3.000E+01 3.40274E+02 3.30684E-01
 3.500E+01 4.44010E+02 4.42242E-01
 4.000E+01 5.07771E+02 5.21015E-01
 4.500E+01 5.48947E+02 5.80865E-01
 5.000E+01 5.94559E+02 6.48891E-01
 6.000E+01 6.63516E+02 7.67817E-01
 7.000E+01 7.19396E+02 8.76960E-01
 8.000E+01 7.66639E+02 9.77769E-01
 9.000E+01 8.36835E+02 1.10977E+00
 1.000E+02 9.14921E+02 1.25481E+00
