# p +  58Fe Total proton   production
# Q-value    = 0.00000E+00
# 
# # energies =    24
#    E         xs         Yield
 1.00000E+00 1.13995E-25 3.74423E-23
 2.00000E+00 1.80621E-02 5.30776E-02
 3.00000E+00 4.88259E+00 8.53741E-01
 4.00000E+00 1.00031E+01 7.20812E-02
 5.00000E+00 2.66261E+01 7.38933E-02
 6.00000E+00 4.83650E+01 9.10574E-02
 8.00000E+00 8.53553E+01 1.18041E-01
 1.00000E+01 1.21541E+02 1.40666E-01
 1.20000E+01 1.68016E+02 1.74300E-01
 1.40000E+01 2.47956E+02 2.41082E-01
 1.60000E+01 3.09843E+02 2.88596E-01
 1.80000E+01 3.59708E+02 3.26875E-01
 2.00000E+01 4.03870E+02 3.62164E-01
 2.50000E+01 6.60959E+02 5.82337E-01
 3.00000E+01 7.50110E+02 6.66107E-01
 3.50000E+01 7.86902E+02 7.14035E-01
 4.00000E+01 8.41863E+02 7.84004E-01
 4.50000E+01 8.80396E+02 8.44019E-01
 5.00000E+01 9.04009E+02 8.92839E-01
 6.00000E+01 9.47824E+02 9.91828E-01
 7.00000E+01 9.78595E+02 1.07972E+00
 8.00000E+01 1.00455E+03 1.16175E+00
 9.00000E+01 1.04459E+03 1.25891E+00
 1.00000E+02 1.08839E+03 1.35977E+00
