# p +  56Fe Total proton   production
# Q-value    = 0.00000E+00
# 
# # energies = 24
#    E         xs         Yield
 1.000E+00 2.48516E-29 7.53063E-27
 2.000E+00 1.44572E-02 5.68505E-03
 3.000E+00 3.71665E+00 9.47441E-02
 4.000E+00 3.44968E+01 2.13001E-01
 5.000E+00 1.26768E+02 3.69275E-01
 6.000E+00 2.41684E+02 4.67767E-01
 8.000E+00 3.92423E+02 5.47382E-01
 1.000E+01 4.87014E+02 5.85497E-01
 1.200E+01 5.40491E+02 5.85535E-01
 1.400E+01 6.21376E+02 6.30361E-01
 1.600E+01 7.82987E+02 7.58393E-01
 1.800E+01 8.53971E+02 8.02967E-01
 2.000E+01 9.14180E+02 8.48286E-01
 2.500E+01 9.57754E+02 8.82584E-01
 3.000E+01 1.03324E+03 9.59588E-01
 3.500E+01 1.09982E+03 1.04570E+00
 4.000E+01 1.14579E+03 1.12022E+00
 4.500E+01 1.19356E+03 1.20201E+00
 5.000E+01 1.21436E+03 1.26043E+00
 6.000E+01 1.23609E+03 1.35951E+00
 7.000E+01 1.25415E+03 1.45369E+00
 8.000E+01 1.25935E+03 1.52898E+00
 9.000E+01 1.26956E+03 1.60508E+00
 1.000E+02 1.28460E+03 1.68246E+00
