# p +  54Fe Total proton   production
# Q-value    = 0.00000E+00
# 
# # energies = 24
#    E         xs         Yield
 1.000E+00 0.00000E+00 0.00000E+00
 2.000E+00 1.36936E-06 7.80591E-05
 3.000E+00 4.07232E-01 8.82640E-01
 4.000E+00 1.23737E+01 9.93910E-01
 5.000E+00 7.14969E+01 9.98728E-01
 6.000E+00 2.13612E+02 9.99440E-01
 8.000E+00 5.59811E+02 9.99652E-01
 1.000E+01 7.65181E+02 9.87562E-01
 1.200E+01 7.98123E+02 9.13533E-01
 1.400E+01 8.27797E+02 8.81929E-01
 1.600E+01 1.08547E+03 1.10128E+00
 1.800E+01 1.37995E+03 1.35319E+00
 2.000E+01 1.48049E+03 1.42890E+00
 2.500E+01 1.48622E+03 1.43097E+00
 3.000E+01 1.55746E+03 1.51351E+00
 3.500E+01 1.61331E+03 1.60686E+00
 4.000E+01 1.59608E+03 1.63770E+00
 4.500E+01 1.61110E+03 1.70478E+00
 5.000E+01 1.61012E+03 1.75727E+00
 6.000E+01 1.59368E+03 1.84420E+00
 7.000E+01 1.58825E+03 1.93612E+00
 8.000E+01 1.59542E+03 2.03478E+00
 9.000E+01 1.62698E+03 2.15761E+00
 1.000E+02 1.66484E+03 2.28331E+00
