# p +  57Fe Total proton   production
# Q-value    = 0.00000E+00
# 
# # energies = 24
#    E         xs         Yield
 1.000E+00 6.12400E-06 1.98597E-03
 2.000E+00 3.51603E-01 1.30686E-01
 3.000E+00 1.03832E+01 2.27030E-01
 4.000E+00 3.29854E+01 1.73651E-01
 5.000E+00 8.07831E+01 2.11545E-01
 6.000E+00 1.37204E+02 2.52069E-01
 8.000E+00 1.96382E+02 2.71618E-01
 1.000E+01 2.58448E+02 3.03548E-01
 1.200E+01 4.86310E+02 5.12348E-01
 1.400E+01 6.94946E+02 6.85344E-01
 1.600E+01 7.09889E+02 6.69429E-01
 1.800E+01 7.23843E+02 6.65053E-01
 2.000E+01 7.43234E+02 6.74159E-01
 2.500E+01 8.09985E+02 7.23750E-01
 3.000E+01 9.01413E+02 8.11528E-01
 3.500E+01 9.46980E+02 8.71764E-01
 4.000E+01 9.77068E+02 9.23558E-01
 4.500E+01 1.01183E+03 9.84761E-01
 5.000E+01 1.03553E+03 1.03844E+00
 6.000E+01 1.06394E+03 1.13055E+00
 7.000E+01 1.07726E+03 1.20684E+00
 8.000E+01 1.09167E+03 1.28167E+00
 9.000E+01 1.11571E+03 1.36475E+00
 1.000E+02 1.14245E+03 1.44838E+00
