# p +  54Fe: Production of  52Fe - Level  5     6.95800 MeV
# Q-value    =-2.25430E+01 mass=  51.948115
# E-threshold= 2.29639E+01
# # energies =    24
#     E          xs      Branching
 1.00000E+00 0.00000E+00 0.00000E+00
 2.00000E+00 0.00000E+00 0.00000E+00
 3.00000E+00 0.00000E+00 0.00000E+00
 4.00000E+00 0.00000E+00 0.00000E+00
 5.00000E+00 0.00000E+00 0.00000E+00
 6.00000E+00 0.00000E+00 0.00000E+00
 8.00000E+00 0.00000E+00 0.00000E+00
 1.00000E+01 0.00000E+00 0.00000E+00
 1.20000E+01 0.00000E+00 0.00000E+00
 1.40000E+01 0.00000E+00 0.00000E+00
 1.60000E+01 0.00000E+00 0.00000E+00
 1.80000E+01 0.00000E+00 0.00000E+00
 2.00000E+01 0.00000E+00 0.00000E+00
 2.50000E+01 2.37484E-03 3.69692E-02
 3.00000E+01 8.94945E-02 2.70485E-02
 3.50000E+01 1.48957E-01 7.72898E-03
 4.00000E+01 1.90028E-01 8.87329E-03
 4.50000E+01 2.07988E-01 1.09545E-02
 5.00000E+01 1.57874E-01 9.41116E-03
 6.00000E+01 1.07479E-01 7.34158E-03
 7.00000E+01 9.40903E-02 7.23624E-03
 8.00000E+01 7.67078E-02 6.55452E-03
 9.00000E+01 5.68436E-02 5.47591E-03
 1.00000E+02 4.44264E-02 4.89118E-03
