# p +  57Fe: Production of  58Co - Level  1     0.02495 MeV
# Q-value    = 6.92940E+00 mass=  57.935752
# E-threshold= 0.00000E+00
# # energies = 24
#    E         xs      Branching
 1.000E+00 1.86988E-04  0.06235
 2.000E+00 7.22279E-03  0.05538
 3.000E+00 1.86820E-02  0.07208
 4.000E+00 2.20655E-02  0.10562
 5.000E+00 3.28594E-02  0.12573
 6.000E+00 4.65678E-02  0.14526
 8.000E+00 7.70233E-02  0.19147
 1.000E+01 1.35360E-01  0.25039
 1.200E+01 2.18702E-01  0.28875
 1.400E+01 2.80491E-01  0.29803
 1.600E+01 3.00593E-01  0.31144
 1.800E+01 2.83412E-01  0.32498
 2.000E+01 2.39609E-01  0.33633
 2.500E+01 1.16410E-01  0.33351
 3.000E+01 7.83258E-02  0.32797
 3.500E+01 6.48782E-02  0.32971
 4.000E+01 5.50979E-02  0.33199
 4.500E+01 4.77180E-02  0.32922
 5.000E+01 4.44919E-02  0.32449
 6.000E+01 3.59581E-02  0.32633
 7.000E+01 3.11193E-02  0.32737
 8.000E+01 2.53795E-02  0.32744
 9.000E+01 2.03859E-02  0.32845
 1.000E+02 1.93873E-02  0.32713
