# p +  57Fe: Production of  53Fe - Ground state
# Q-value    =-3.30378E+01 mass=  52.945305
# E-threshold= 3.36223E+01
# # energies =    24
#     E          xs      Branching
 1.00000E+00 0.00000E+00 0.00000E+00
 2.00000E+00 0.00000E+00 0.00000E+00
 3.00000E+00 0.00000E+00 0.00000E+00
 4.00000E+00 0.00000E+00 0.00000E+00
 5.00000E+00 0.00000E+00 0.00000E+00
 6.00000E+00 0.00000E+00 0.00000E+00
 8.00000E+00 0.00000E+00 0.00000E+00
 1.00000E+01 0.00000E+00 0.00000E+00
 1.20000E+01 0.00000E+00 0.00000E+00
 1.40000E+01 0.00000E+00 0.00000E+00
 1.60000E+01 0.00000E+00 0.00000E+00
 1.80000E+01 0.00000E+00 0.00000E+00
 2.00000E+01 0.00000E+00 0.00000E+00
 2.50000E+01 0.00000E+00 0.00000E+00
 3.00000E+01 0.00000E+00 0.00000E+00
 3.50000E+01 0.00000E+00 0.00000E+00
 4.00000E+01 1.47230E-02 9.94530E-01
 4.50000E+01 1.45625E-01 9.48946E-01
 5.00000E+01 1.15313E+00 9.60725E-01
 6.00000E+01 7.17506E+00 9.31361E-01
 7.00000E+01 8.04682E+00 9.50537E-01
 8.00000E+01 7.78143E+00 9.59546E-01
 9.00000E+01 6.92173E+00 9.68154E-01
 1.00000E+02 6.22605E+00 9.71049E-01
