# p +  56Fe: Production of  42Sc - Level  2     0.61628 MeV
# Q-value    =-5.33001E+01 mass=  41.965516
# E-threshold= 5.42600E+01
# # energies = 24
#    E         xs      Branching
 1.000E+00 0.00000E+00  0.00000
 2.000E+00 0.00000E+00  0.00000
 3.000E+00 0.00000E+00  0.00000
 4.000E+00 0.00000E+00  0.00000
 5.000E+00 0.00000E+00  0.00000
 6.000E+00 0.00000E+00  0.00000
 8.000E+00 0.00000E+00  0.00000
 1.000E+01 0.00000E+00  0.00000
 1.200E+01 0.00000E+00  0.00000
 1.400E+01 0.00000E+00  0.00000
 1.600E+01 0.00000E+00  0.00000
 1.800E+01 0.00000E+00  0.00000
 2.000E+01 0.00000E+00  0.00000
 2.500E+01 0.00000E+00  0.00000
 3.000E+01 0.00000E+00  0.00000
 3.500E+01 0.00000E+00  0.00000
 4.000E+01 0.00000E+00  0.00000
 4.500E+01 0.00000E+00  0.00000
 5.000E+01 0.00000E+00  0.00000
 6.000E+01 0.00000E+00  0.00000
 7.000E+01 0.00000E+00  0.00000
 8.000E+01 0.00000E+00  0.00000
 9.000E+01 6.80374E-04  0.55292
 1.000E+02 3.31015E-03  0.48024
