# p +  57Fe: Production of  46Sc - Level  2
# Q-value    =   -18.55131
# E-threshold=    18.87951
# # energies = 24
#    E         xs      Branching
 1.000E+00 0.00000E+00
 2.000E+00 0.00000E+00
 3.000E+00 0.00000E+00
 4.000E+00 0.00000E+00
 5.000E+00 0.00000E+00
 6.000E+00 0.00000E+00
 8.000E+00 0.00000E+00
 1.000E+01 0.00000E+00
 1.200E+01 0.00000E+00
 1.400E+01 0.00000E+00
 1.600E+01 0.00000E+00
 1.800E+01 0.00000E+00
 2.000E+01 0.00000E+00
 2.500E+01 0.00000E+00
 3.000E+01 0.00000E+00
 3.500E+01 0.00000E+00
 4.000E+01 0.00000E+00
 4.500E+01 0.00000E+00
 5.000E+01 6.89298E-04  0.17518
 6.000E+01 9.33390E-04  0.18000
 7.000E+01 5.17133E-04  0.17087
 8.000E+01 2.31478E-03  0.16305
 9.000E+01 1.52626E-02  0.17293
 1.000E+02 4.00098E-02  0.17304
