# p +  54Fe: Production of  54Co - Ground state
# Q-value    =    -9.02527
# E-threshold=     9.19381
# # energies = 24
#    E         xs      Branching
 1.000E+00 0.00000E+00
 2.000E+00 0.00000E+00
 3.000E+00 0.00000E+00
 4.000E+00 0.00000E+00
 5.000E+00 0.00000E+00
 6.000E+00 0.00000E+00
 8.000E+00 0.00000E+00
 1.000E+01 6.26183E+00  0.93795
 1.200E+01 5.18696E+01  0.89364
 1.400E+01 9.85912E+01  0.85372
 1.600E+01 9.79245E+01  0.81851
 1.800E+01 5.46214E+01  0.78632
 2.000E+01 3.15481E+01  0.76974
 2.500E+01 1.62772E+01  0.74930
 3.000E+01 1.19893E+01  0.72715
 3.500E+01 9.45372E+00  0.70940
 4.000E+01 7.28769E+00  0.69613
 4.500E+01 6.00341E+00  0.69470
 5.000E+01 4.94325E+00  0.69040
 6.000E+01 3.55782E+00  0.65594
 7.000E+01 2.79027E+00  0.65150
 8.000E+01 2.10801E+00  0.65120
 9.000E+01 1.63565E+00  0.64454
 1.000E+02 1.65068E+00  0.77330
