# p +  54Fe: Production of  52Fe - Ground state
# Q-value    =-1.55824E+01 mass=  51.948113
# E-threshold= 1.58734E+01
# # energies =    24
#     E          xs      Branching
 1.00000E+00 0.00000E+00 0.00000E+00
 2.00000E+00 0.00000E+00 0.00000E+00
 3.00000E+00 0.00000E+00 0.00000E+00
 4.00000E+00 0.00000E+00 0.00000E+00
 5.00000E+00 0.00000E+00 0.00000E+00
 6.00000E+00 0.00000E+00 0.00000E+00
 8.00000E+00 0.00000E+00 0.00000E+00
 1.00000E+01 0.00000E+00 0.00000E+00
 1.20000E+01 0.00000E+00 0.00000E+00
 1.40000E+01 0.00000E+00 0.00000E+00
 1.60000E+01 0.00000E+00 0.00000E+00
 1.80000E+01 0.00000E+00 0.00000E+00
 2.00000E+01 8.45603E-03 1.00000E+00
 2.50000E+01 6.19188E-02 9.63063E-01
 3.00000E+01 3.22978E+00 9.73026E-01
 3.50000E+01 1.91741E+01 9.92283E-01
 4.00000E+01 2.12790E+01 9.91114E-01
 4.50000E+01 1.88158E+01 9.89014E-01
 5.00000E+01 1.66489E+01 9.90559E-01
 6.00000E+01 1.45557E+01 9.92635E-01
 7.00000E+01 1.29289E+01 9.92742E-01
 8.00000E+01 1.16496E+01 9.93429E-01
 9.00000E+01 1.03441E+01 9.94510E-01
 1.00000E+02 9.06149E+00 9.95097E-01
