# p +  54Fe: Production of  54Fe - Total
# Q-value    = 0.00000E+00 mass=  53.939610
# E-threshold= 0.00000E+00
# # energies = 24
#    E         xs
 1.000E+00 0.00000E+00
 2.000E+00 0.00000E+00
 3.000E+00 5.82119E-01
 4.000E+00 2.06021E+01
 5.000E+00 1.10896E+02
 6.000E+00 2.86741E+02
 8.000E+00 6.17925E+02
 1.000E+01 7.66587E+02
 1.200E+01 8.02431E+02
 1.400E+01 7.64124E+02
 1.600E+01 5.74358E+02
 1.800E+01 3.56255E+02
 2.000E+01 2.39959E+02
 2.500E+01 1.64713E+02
 3.000E+01 1.47152E+02
 3.500E+01 1.33894E+02
 4.000E+01 1.21698E+02
 4.500E+01 1.10438E+02
 5.000E+01 1.00812E+02
 6.000E+01 8.36295E+01
 7.000E+01 6.88268E+01
 8.000E+01 5.57296E+01
 9.000E+01 4.66117E+01
 1.000E+02 3.61938E+01
