# p +  58Fe: Production of  58Co - Ground state
# Q-value    =-3.09026E+00 mass=  57.935752
# E-threshold= 3.14399E+00
# # energies = 24
#    E         xs      Branching
 1.000E+00 0.00000E+00  0.00000
 2.000E+00 0.00000E+00  0.00000
 3.000E+00 0.00000E+00  0.00000
 4.000E+00 1.16121E+02  0.90310
 5.000E+00 2.93103E+02  0.87476
 6.000E+00 4.18672E+02  0.86651
 8.000E+00 5.22854E+02  0.82552
 1.000E+01 5.69059E+02  0.78019
 1.200E+01 5.46741E+02  0.74018
 1.400E+01 2.78841E+02  0.69562
 1.600E+01 1.19611E+02  0.66459
 1.800E+01 6.69016E+01  0.65073
 2.000E+01 4.68548E+01  0.65305
 2.500E+01 3.08544E+01  0.65439
 3.000E+01 2.44622E+01  0.65351
 3.500E+01 1.76206E+01  0.65417
 4.000E+01 1.38726E+01  0.65569
 4.500E+01 1.13413E+01  0.65467
 5.000E+01 1.00659E+01  0.65718
 6.000E+01 7.17486E+00  0.65699
 7.000E+01 5.20656E+00  0.65605
 8.000E+01 3.78354E+00  0.65275
 9.000E+01 3.19944E+00  0.65632
 1.000E+02 2.30451E+00  0.65409
