# p +  54Fe: Production of  50Mn - Level  1     0.22528 MeV
# Q-value    =-1.70594E+01 mass=  49.954237
# E-threshold= 1.73780E+01
# # energies =    24
#     E          xs      Branching
 1.00000E+00 0.00000E+00 0.00000E+00
 2.00000E+00 0.00000E+00 0.00000E+00
 3.00000E+00 0.00000E+00 0.00000E+00
 4.00000E+00 0.00000E+00 0.00000E+00
 5.00000E+00 0.00000E+00 0.00000E+00
 6.00000E+00 0.00000E+00 0.00000E+00
 8.00000E+00 0.00000E+00 0.00000E+00
 1.00000E+01 0.00000E+00 0.00000E+00
 1.20000E+01 0.00000E+00 0.00000E+00
 1.40000E+01 0.00000E+00 0.00000E+00
 1.60000E+01 0.00000E+00 0.00000E+00
 1.80000E+01 0.00000E+00 0.00000E+00
 2.00000E+01 0.00000E+00 0.00000E+00
 2.50000E+01 1.01530E-01 7.47650E-01
 3.00000E+01 1.99454E+00 5.47553E-01
 3.50000E+01 2.20455E+00 5.27901E-01
 4.00000E+01 1.11743E+00 5.32872E-01
 4.50000E+01 7.03936E-01 5.30561E-01
 5.00000E+01 5.56535E-01 5.31398E-01
 6.00000E+01 9.44677E-01 5.86696E-01
 7.00000E+01 1.96677E+00 5.73409E-01
 8.00000E+01 2.27166E+00 5.43056E-01
 9.00000E+01 2.16034E+00 5.21582E-01
 1.00000E+02 2.00121E+00 5.15516E-01
