# p +  57Fe: Production of  48Ti - Ground state
# Q-value    =-2.23857E+01 mass=  47.947940
# E-threshold= 2.27817E+01
# # energies =    24
#     E          xs      Branching
 1.00000E+00 0.00000E+00 0.00000E+00
 2.00000E+00 0.00000E+00 0.00000E+00
 3.00000E+00 0.00000E+00 0.00000E+00
 4.00000E+00 0.00000E+00 0.00000E+00
 5.00000E+00 0.00000E+00 0.00000E+00
 6.00000E+00 0.00000E+00 0.00000E+00
 8.00000E+00 0.00000E+00 0.00000E+00
 1.00000E+01 0.00000E+00 0.00000E+00
 1.20000E+01 0.00000E+00 0.00000E+00
 1.40000E+01 0.00000E+00 0.00000E+00
 1.60000E+01 0.00000E+00 0.00000E+00
 1.80000E+01 0.00000E+00 0.00000E+00
 2.00000E+01 0.00000E+00 0.00000E+00
 2.50000E+01 0.00000E+00 0.00000E+00
 3.00000E+01 0.00000E+00 0.00000E+00
 3.50000E+01 0.00000E+00 0.00000E+00
 4.00000E+01 0.00000E+00 0.00000E+00
 4.50000E+01 6.07292E-02 9.99912E-01
 5.00000E+01 2.44212E-01 9.98153E-01
 6.00000E+01 3.98145E-01 9.92652E-01
 7.00000E+01 3.07552E-01 9.93017E-01
 8.00000E+01 6.12671E-01 9.94943E-01
 9.00000E+01 1.56220E+00 9.94261E-01
 1.00000E+02 2.66275E+00 9.94959E-01
