# p +  56Fe: Production of  46Sc - Ground state
# Q-value    =   -31.34029
# E-threshold=    31.90467
# # energies = 24
#    E         xs      Branching
 1.000E+00 0.00000E+00
 2.000E+00 0.00000E+00
 3.000E+00 0.00000E+00
 4.000E+00 0.00000E+00
 5.000E+00 0.00000E+00
 6.000E+00 0.00000E+00
 8.000E+00 0.00000E+00
 1.000E+01 0.00000E+00
 1.200E+01 0.00000E+00
 1.400E+01 0.00000E+00
 1.600E+01 0.00000E+00
 1.800E+01 0.00000E+00
 2.000E+01 0.00000E+00
 2.500E+01 0.00000E+00
 3.000E+01 0.00000E+00
 3.500E+01 0.00000E+00
 4.000E+01 0.00000E+00
 4.500E+01 0.00000E+00
 5.000E+01 0.00000E+00
 6.000E+01 0.00000E+00
 7.000E+01 6.70632E-03  0.85127
 8.000E+01 3.59364E-02  0.83584
 9.000E+01 6.25690E-02  0.84736
 1.000E+02 9.58176E-02  0.82839
