# p +  57Fe: Production of  48Ti - Level 10     3.63300 MeV
# Q-value    =-2.60187E+01 mass=  47.947940
# E-threshold= 2.64790E+01
# # energies =    24
#     E          xs      Branching
 1.00000E+00 0.00000E+00 0.00000E+00
 2.00000E+00 0.00000E+00 0.00000E+00
 3.00000E+00 0.00000E+00 0.00000E+00
 4.00000E+00 0.00000E+00 0.00000E+00
 5.00000E+00 0.00000E+00 0.00000E+00
 6.00000E+00 0.00000E+00 0.00000E+00
 8.00000E+00 0.00000E+00 0.00000E+00
 1.00000E+01 0.00000E+00 0.00000E+00
 1.20000E+01 0.00000E+00 0.00000E+00
 1.40000E+01 0.00000E+00 0.00000E+00
 1.60000E+01 0.00000E+00 0.00000E+00
 1.80000E+01 0.00000E+00 0.00000E+00
 2.00000E+01 0.00000E+00 0.00000E+00
 2.50000E+01 0.00000E+00 0.00000E+00
 3.00000E+01 0.00000E+00 0.00000E+00
 3.50000E+01 0.00000E+00 0.00000E+00
 4.00000E+01 0.00000E+00 0.00000E+00
 4.50000E+01 5.45779E-06 8.99467E-05
 5.00000E+01 4.66016E-04 1.93247E-03
 6.00000E+01 3.08100E-03 7.93085E-03
 7.00000E+01 2.26585E-03 7.50683E-03
 8.00000E+01 3.24791E-03 5.39896E-03
 9.00000E+01 9.44229E-03 6.16427E-03
 1.00000E+02 1.40740E-02 5.37313E-03
