# p +  57Fe: Production of  57Fe - Total
# Q-value    = 0.00000E+00 mass=  56.935398
# E-threshold= 0.00000E+00
# # energies = 24
#    E         xs
 1.000E+00 0.00000E+00
 2.000E+00 3.60076E-01
 3.000E+00 1.04202E+01
 4.000E+00 3.30226E+01
 5.000E+00 8.07567E+01
 6.000E+00 1.36969E+02
 8.000E+00 1.96293E+02
 1.000E+01 2.39629E+02
 1.200E+01 2.58584E+02
 1.400E+01 2.08476E+02
 1.600E+01 1.63826E+02
 1.800E+01 1.42992E+02
 2.000E+01 1.32937E+02
 2.500E+01 1.18348E+02
 3.000E+01 1.07920E+02
 3.500E+01 9.66590E+01
 4.000E+01 8.83452E+01
 4.500E+01 7.63874E+01
 5.000E+01 7.35308E+01
 6.000E+01 5.93170E+01
 7.000E+01 4.83199E+01
 8.000E+01 3.76245E+01
 9.000E+01 3.02851E+01
 1.000E+02 2.51416E+01
