# p +  56Fe: Production of  53Fe - Level 22     3.04040 MeV
# Q-value    =-2.84322E+01 mass=  52.945306
# E-threshold= 2.89442E+01
# # energies =    24
#     E          xs      Branching
 1.00000E+00 0.00000E+00 0.00000E+00
 2.00000E+00 0.00000E+00 0.00000E+00
 3.00000E+00 0.00000E+00 0.00000E+00
 4.00000E+00 0.00000E+00 0.00000E+00
 5.00000E+00 0.00000E+00 0.00000E+00
 6.00000E+00 0.00000E+00 0.00000E+00
 8.00000E+00 0.00000E+00 0.00000E+00
 1.00000E+01 0.00000E+00 0.00000E+00
 1.20000E+01 0.00000E+00 0.00000E+00
 1.40000E+01 0.00000E+00 0.00000E+00
 1.60000E+01 0.00000E+00 0.00000E+00
 1.80000E+01 0.00000E+00 0.00000E+00
 2.00000E+01 0.00000E+00 0.00000E+00
 2.50000E+01 0.00000E+00 0.00000E+00
 3.00000E+01 0.00000E+00 0.00000E+00
 3.50000E+01 4.07435E-03 1.86559E-02
 4.00000E+01 2.74437E-02 1.33334E-02
 4.50000E+01 5.34604E-01 4.35165E-02
 5.00000E+01 1.20110E+00 5.38599E-02
 6.00000E+01 1.01939E+00 4.70028E-02
 7.00000E+01 6.43617E-01 3.50441E-02
 8.00000E+01 5.04946E-01 3.17131E-02
 9.00000E+01 3.96834E-01 2.86422E-02
 1.00000E+02 3.25797E-01 2.68477E-02
