# p +  56Fe: Production of  50Mn - Level  1     0.22900 MeV
# Q-value    =-3.75574E+01 mass=  49.954238
# E-threshold= 3.82338E+01
# # energies = 24
#    E         xs      Branching
 1.000E+00 0.00000E+00  0.00000
 2.000E+00 0.00000E+00  0.00000
 3.000E+00 0.00000E+00  0.00000
 4.000E+00 0.00000E+00  0.00000
 5.000E+00 0.00000E+00  0.00000
 6.000E+00 0.00000E+00  0.00000
 8.000E+00 0.00000E+00  0.00000
 1.000E+01 0.00000E+00  0.00000
 1.200E+01 0.00000E+00  0.00000
 1.400E+01 0.00000E+00  0.00000
 1.600E+01 0.00000E+00  0.00000
 1.800E+01 0.00000E+00  0.00000
 2.000E+01 0.00000E+00  0.00000
 2.500E+01 0.00000E+00  0.00000
 3.000E+01 0.00000E+00  0.00000
 3.500E+01 0.00000E+00  0.00000
 4.000E+01 0.00000E+00  0.00000
 4.500E+01 0.00000E+00  0.00000
 5.000E+01 7.71522E-03  0.70721
 6.000E+01 1.08606E-01  0.63236
 7.000E+01 7.82042E-02  0.63765
 8.000E+01 7.08891E-02  0.64332
 9.000E+01 1.24628E-01  0.64836
 1.000E+02 2.96480E-01  0.62444
