# p +  54Fe: Production of  50Mn - Ground state
# Q-value    =-1.68329E+01 mass=  49.954238
# E-threshold= 1.71472E+01
# # energies = 24
#    E         xs      Branching
 1.000E+00 0.00000E+00  0.00000
 2.000E+00 0.00000E+00  0.00000
 3.000E+00 0.00000E+00  0.00000
 4.000E+00 0.00000E+00  0.00000
 5.000E+00 0.00000E+00  0.00000
 6.000E+00 0.00000E+00  0.00000
 8.000E+00 0.00000E+00  0.00000
 1.000E+01 0.00000E+00  0.00000
 1.200E+01 0.00000E+00  0.00000
 1.400E+01 0.00000E+00  0.00000
 1.600E+01 0.00000E+00  0.00000
 1.800E+01 0.00000E+00  0.00000
 2.000E+01 0.00000E+00  0.00000
 2.500E+01 2.59069E-02  0.30014
 3.000E+01 1.12390E+00  0.43885
 3.500E+01 1.40600E+00  0.42304
 4.000E+01 7.01241E-01  0.41200
 4.500E+01 4.31635E-01  0.40538
 5.000E+01 3.26099E-01  0.39283
 6.000E+01 3.76255E-01  0.36489
 7.000E+01 1.04788E+00  0.37827
 8.000E+01 1.29634E+00  0.39881
 9.000E+01 1.59327E+00  0.42211
 1.000E+02 1.62168E+00  0.41956
