# p +  56Fe: Production of 44Sc - Ground state
# Q-value    =   -30.84228
# E-threshold=    31.39769
# # energies = 24
#    E         xs      Branching
 1.000E+00 0.00000E+00
 2.000E+00 0.00000E+00
 3.000E+00 0.00000E+00
 4.000E+00 0.00000E+00
 5.000E+00 0.00000E+00
 6.000E+00 0.00000E+00
 8.000E+00 0.00000E+00
 1.000E+01 0.00000E+00
 1.200E+01 0.00000E+00
 1.400E+01 0.00000E+00
 1.600E+01 0.00000E+00
 1.800E+01 0.00000E+00
 2.000E+01 0.00000E+00
 2.500E+01 0.00000E+00
 3.000E+01 0.00000E+00
 3.500E+01 0.00000E+00
 4.000E+01 0.00000E+00
 4.500E+01 0.00000E+00
 5.000E+01 0.00000E+00
 6.000E+01 3.20968E-03  0.72428
 7.000E+01 1.84528E-02  0.73611
 8.000E+01 2.23808E-02  0.72068
 9.000E+01 4.49336E-02  0.72760
 1.000E+02 2.88386E-01  0.65735
