# p +  56Fe: Production of  53Fe - Ground state
# Q-value    =-2.53918E+01 mass=  52.945306
# E-threshold= 2.58491E+01
# # energies = 24
#    E         xs      Branching
 1.000E+00 0.00000E+00  0.00000
 2.000E+00 0.00000E+00  0.00000
 3.000E+00 0.00000E+00  0.00000
 4.000E+00 0.00000E+00  0.00000
 5.000E+00 0.00000E+00  0.00000
 6.000E+00 0.00000E+00  0.00000
 8.000E+00 0.00000E+00  0.00000
 1.000E+01 0.00000E+00  0.00000
 1.200E+01 0.00000E+00  0.00000
 1.400E+01 0.00000E+00  0.00000
 1.600E+01 0.00000E+00  0.00000
 1.800E+01 0.00000E+00  0.00000
 2.000E+01 0.00000E+00  0.00000
 2.500E+01 0.00000E+00  0.00000
 3.000E+01 4.62773E-03  1.00000
 3.500E+01 2.08665E-01  0.98128
 4.000E+01 2.00988E+00  0.98770
 4.500E+01 1.11773E+01  0.95687
 5.000E+01 1.97913E+01  0.94638
 6.000E+01 1.96061E+01  0.95701
 7.000E+01 1.69132E+01  0.96762
 8.000E+01 1.47300E+01  0.97101
 9.000E+01 1.28857E+01  0.97312
 1.000E+02 1.13431E+01  0.97561
