# p +  57Fe: Production of  52Mn - Ground state
# Q-value    =   -20.75327
# E-threshold=    21.12043
# # energies = 24
#    E         xs      Branching
 1.000E+00 0.00000E+00
 2.000E+00 0.00000E+00
 3.000E+00 0.00000E+00
 4.000E+00 0.00000E+00
 5.000E+00 0.00000E+00
 6.000E+00 0.00000E+00
 8.000E+00 0.00000E+00
 1.000E+01 0.00000E+00
 1.200E+01 0.00000E+00
 1.400E+01 0.00000E+00
 1.600E+01 0.00000E+00
 1.800E+01 0.00000E+00
 2.000E+01 0.00000E+00
 2.500E+01 0.00000E+00
 3.000E+01 1.13345E+00  0.75553
 3.500E+01 1.07386E+01  0.58809
 4.000E+01 1.36119E+01  0.55554
 4.500E+01 9.63540E+00  0.56457
 5.000E+01 6.04252E+00  0.58847
 6.000E+01 4.42290E+00  0.62647
 7.000E+01 1.33339E+01  0.65298
 8.000E+01 2.19121E+01  0.58405
 9.000E+01 2.32466E+01  0.53534
 1.000E+02 2.65063E+01  0.54490
