# p +  56Fe: Production of  52Mn - Ground state
# Q-value    =-1.31068E+01 mass=  51.945563
# E-threshold= 1.33429E+01
# # energies =    24
#     E          xs      Branching
 1.00000E+00 0.00000E+00 0.00000E+00
 2.00000E+00 0.00000E+00 0.00000E+00
 3.00000E+00 0.00000E+00 0.00000E+00
 4.00000E+00 0.00000E+00 0.00000E+00
 5.00000E+00 0.00000E+00 0.00000E+00
 6.00000E+00 0.00000E+00 0.00000E+00
 8.00000E+00 0.00000E+00 0.00000E+00
 1.00000E+01 0.00000E+00 0.00000E+00
 1.20000E+01 0.00000E+00 0.00000E+00
 1.40000E+01 0.00000E+00 0.00000E+00
 1.60000E+01 0.00000E+00 0.00000E+00
 1.80000E+01 2.96072E-03 8.94392E-01
 2.00000E+01 3.82330E-01 7.01018E-01
 2.50000E+01 1.46257E+01 5.01886E-01
 3.00000E+01 1.78041E+01 4.97474E-01
 3.50000E+01 1.02926E+01 5.34935E-01
 4.00000E+01 5.24737E+00 5.51136E-01
 4.50000E+01 3.77590E+00 5.61241E-01
 5.00000E+01 4.82766E+00 5.85357E-01
 6.00000E+01 2.63200E+01 6.09818E-01
 7.00000E+01 3.42979E+01 5.62530E-01
 8.00000E+01 3.24688E+01 5.31081E-01
 9.00000E+01 2.84373E+01 5.13708E-01
 1.00000E+02 2.57937E+01 5.00317E-01
