# p +  56Fe: Production of  48Ti - Ground state
# Q-value    =-1.69642E+01 mass=  47.947940
# E-threshold= 1.72697E+01
# # energies =    24
#     E          xs      Branching
 1.00000E+00 0.00000E+00 0.00000E+00
 2.00000E+00 0.00000E+00 0.00000E+00
 3.00000E+00 0.00000E+00 0.00000E+00
 4.00000E+00 0.00000E+00 0.00000E+00
 5.00000E+00 0.00000E+00 0.00000E+00
 6.00000E+00 0.00000E+00 0.00000E+00
 8.00000E+00 0.00000E+00 0.00000E+00
 1.00000E+01 0.00000E+00 0.00000E+00
 1.20000E+01 0.00000E+00 0.00000E+00
 1.40000E+01 0.00000E+00 0.00000E+00
 1.60000E+01 0.00000E+00 0.00000E+00
 1.80000E+01 0.00000E+00 0.00000E+00
 2.00000E+01 0.00000E+00 0.00000E+00
 2.50000E+01 0.00000E+00 0.00000E+00
 3.00000E+01 0.00000E+00 0.00000E+00
 3.50000E+01 1.90859E-02 9.99994E-01
 4.00000E+01 1.99134E-01 9.98907E-01
 4.50000E+01 2.54160E-01 9.92487E-01
 5.00000E+01 2.66029E-01 9.91268E-01
 6.00000E+01 1.59291E-01 9.92903E-01
 7.00000E+01 5.07780E-01 9.96796E-01
 8.00000E+01 1.45623E+00 9.95333E-01
 9.00000E+01 2.57147E+00 9.94658E-01
 1.00000E+02 3.43121E+00 9.94503E-01
