# p +  56Fe: Production of  52Fe - Level 10     6.95800 MeV
# Q-value    =-4.30382E+01 mass=  51.948115
# E-threshold= 4.38132E+01
# # energies =    24
#     E          xs      Branching
 1.00000E+00 0.00000E+00 0.00000E+00
 2.00000E+00 0.00000E+00 0.00000E+00
 3.00000E+00 0.00000E+00 0.00000E+00
 4.00000E+00 0.00000E+00 0.00000E+00
 5.00000E+00 0.00000E+00 0.00000E+00
 6.00000E+00 0.00000E+00 0.00000E+00
 8.00000E+00 0.00000E+00 0.00000E+00
 1.00000E+01 0.00000E+00 0.00000E+00
 1.20000E+01 0.00000E+00 0.00000E+00
 1.40000E+01 0.00000E+00 0.00000E+00
 1.60000E+01 0.00000E+00 0.00000E+00
 1.80000E+01 0.00000E+00 0.00000E+00
 2.00000E+01 0.00000E+00 0.00000E+00
 2.50000E+01 0.00000E+00 0.00000E+00
 3.00000E+01 0.00000E+00 0.00000E+00
 3.50000E+01 0.00000E+00 0.00000E+00
 4.00000E+01 0.00000E+00 0.00000E+00
 4.50000E+01 0.00000E+00 0.00000E+00
 5.00000E+01 2.24815E-05 4.39803E-04
 6.00000E+01 1.65759E-03 2.11808E-03
 7.00000E+01 5.34814E-03 4.40062E-03
 8.00000E+01 4.52197E-03 3.53865E-03
 9.00000E+01 3.69322E-03 3.15686E-03
 1.00000E+02 2.56486E-03 2.37241E-03
