# p +  58Fe: Production of  53Fe - Ground state
# Q-value    =-4.30825E+01 mass=  52.945306
# E-threshold= 4.38316E+01
# # energies = 24
#    E         xs      Branching
 1.000E+00 0.00000E+00  0.00000
 2.000E+00 0.00000E+00  0.00000
 3.000E+00 0.00000E+00  0.00000
 4.000E+00 0.00000E+00  0.00000
 5.000E+00 0.00000E+00  0.00000
 6.000E+00 0.00000E+00  0.00000
 8.000E+00 0.00000E+00  0.00000
 1.000E+01 0.00000E+00  0.00000
 1.200E+01 0.00000E+00  0.00000
 1.400E+01 0.00000E+00  0.00000
 1.600E+01 0.00000E+00  0.00000
 1.800E+01 0.00000E+00  0.00000
 2.000E+01 0.00000E+00  0.00000
 2.500E+01 0.00000E+00  0.00000
 3.000E+01 0.00000E+00  0.00000
 3.500E+01 0.00000E+00  0.00000
 4.000E+01 0.00000E+00  0.00000
 4.500E+01 0.00000E+00  0.00000
 5.000E+01 2.43876E-03  0.98954
 6.000E+01 3.33402E-01  0.94256
 7.000E+01 2.26902E+00  0.91859
 8.000E+01 3.24145E+00  0.94098
 9.000E+01 3.61696E+00  0.95482
 1.000E+02 3.50214E+00  0.96325
