# p +  54Fe: Production of 52Mn - Level  1
# Q-value    =   -13.56726
# E-threshold=    13.82061
# # energies = 24
#    E         xs      Branching
 1.000E+00 0.00000E+00
 2.000E+00 0.00000E+00
 3.000E+00 0.00000E+00
 4.000E+00 0.00000E+00
 5.000E+00 0.00000E+00
 6.000E+00 0.00000E+00
 8.000E+00 0.00000E+00
 1.000E+01 0.00000E+00
 1.200E+01 0.00000E+00
 1.400E+01 0.00000E+00
 1.600E+01 0.00000E+00
 1.800E+01 0.00000E+00
 2.000E+01 1.62939E-03  0.41888
 2.500E+01 3.18998E-01  0.40898
 3.000E+01 1.80495E+01  0.32086
 3.500E+01 7.66634E+01  0.34735
 4.000E+01 1.06101E+02  0.36745
 4.500E+01 9.21824E+01  0.36228
 5.000E+01 7.46585E+01  0.36237
 6.000E+01 6.11400E+01  0.36244
 7.000E+01 5.43906E+01  0.36353
 8.000E+01 5.00054E+01  0.36491
 9.000E+01 5.05670E+01  0.41919
 1.000E+02 3.94175E+01  0.36763
