# p +  56Fe: Production of 54Co - Ground state
# Q-value    =   -29.52067
# E-threshold=    30.05228
# # energies = 24
#    E         xs      Branching
 1.000E+00 0.00000E+00
 2.000E+00 0.00000E+00
 3.000E+00 0.00000E+00
 4.000E+00 0.00000E+00
 5.000E+00 0.00000E+00
 6.000E+00 0.00000E+00
 8.000E+00 0.00000E+00
 1.000E+01 0.00000E+00
 1.200E+01 0.00000E+00
 1.400E+01 0.00000E+00
 1.600E+01 0.00000E+00
 1.800E+01 0.00000E+00
 2.000E+01 0.00000E+00
 2.500E+01 0.00000E+00
 3.000E+01 0.00000E+00
 3.500E+01 2.38411E-01  0.37701
 4.000E+01 1.27106E+00  0.55792
 4.500E+01 1.12308E+00  0.56199
 5.000E+01 7.98233E-01  0.55610
 6.000E+01 5.51834E-01  0.55106
 7.000E+01 4.52525E-01  0.55147
 8.000E+01 4.21214E-01  0.60247
 9.000E+01 3.15079E-01  0.53216
 1.000E+02 2.70282E-01  0.53414
