# p +  58Fe: Production of  53Fe - Level 10     3.04040 MeV
# Q-value    =-4.61228E+01 mass=  52.945305
# E-threshold= 4.69247E+01
# # energies =    24
#     E          xs      Branching
 1.00000E+00 0.00000E+00 0.00000E+00
 2.00000E+00 0.00000E+00 0.00000E+00
 3.00000E+00 0.00000E+00 0.00000E+00
 4.00000E+00 0.00000E+00 0.00000E+00
 5.00000E+00 0.00000E+00 0.00000E+00
 6.00000E+00 0.00000E+00 0.00000E+00
 8.00000E+00 0.00000E+00 0.00000E+00
 1.00000E+01 0.00000E+00 0.00000E+00
 1.20000E+01 0.00000E+00 0.00000E+00
 1.40000E+01 0.00000E+00 0.00000E+00
 1.60000E+01 0.00000E+00 0.00000E+00
 1.80000E+01 0.00000E+00 0.00000E+00
 2.00000E+01 0.00000E+00 0.00000E+00
 2.50000E+01 0.00000E+00 0.00000E+00
 3.00000E+01 0.00000E+00 0.00000E+00
 3.50000E+01 0.00000E+00 0.00000E+00
 4.00000E+01 0.00000E+00 0.00000E+00
 4.50000E+01 0.00000E+00 0.00000E+00
 5.00000E+01 2.78471E-05 1.05640E-02
 6.00000E+01 3.21166E-02 8.54127E-02
 7.00000E+01 3.73366E-01 1.37992E-01
 8.00000E+01 4.38616E-01 1.14716E-01
 9.00000E+01 4.04730E-01 9.67877E-02
 1.00000E+02 3.32291E-01 8.36239E-02
