# p +  54Fe: Production of  42Sc - Level  2
# Q-value    =   -32.80459
# E-threshold=    33.41718
# # energies = 24
#    E         xs      Branching
 1.000E+00 0.00000E+00
 2.000E+00 0.00000E+00
 3.000E+00 0.00000E+00
 4.000E+00 0.00000E+00
 5.000E+00 0.00000E+00
 6.000E+00 0.00000E+00
 8.000E+00 0.00000E+00
 1.000E+01 0.00000E+00
 1.200E+01 0.00000E+00
 1.400E+01 0.00000E+00
 1.600E+01 0.00000E+00
 1.800E+01 0.00000E+00
 2.000E+01 0.00000E+00
 2.500E+01 0.00000E+00
 3.000E+01 0.00000E+00
 3.500E+01 0.00000E+00
 4.000E+01 0.00000E+00
 4.500E+01 0.00000E+00
 5.000E+01 0.00000E+00
 6.000E+01 0.00000E+00
 7.000E+01 3.63268E-03  0.39044
 8.000E+01 3.00280E-03  0.38748
 9.000E+01 4.89419E-03  0.43444
 1.000E+02 3.80681E-02  0.47086
