# p +  56Fe: Production of  53Fe - Level 10     3.04040 MeV
# Q-value    =-2.84321E+01 mass=  52.945305
# E-threshold= 2.89441E+01
# # energies =    24
#     E          xs      Branching
 1.00000E+00 0.00000E+00 0.00000E+00
 2.00000E+00 0.00000E+00 0.00000E+00
 3.00000E+00 0.00000E+00 0.00000E+00
 4.00000E+00 0.00000E+00 0.00000E+00
 5.00000E+00 0.00000E+00 0.00000E+00
 6.00000E+00 0.00000E+00 0.00000E+00
 8.00000E+00 0.00000E+00 0.00000E+00
 1.00000E+01 0.00000E+00 0.00000E+00
 1.20000E+01 0.00000E+00 0.00000E+00
 1.40000E+01 0.00000E+00 0.00000E+00
 1.60000E+01 0.00000E+00 0.00000E+00
 1.80000E+01 0.00000E+00 0.00000E+00
 2.00000E+01 0.00000E+00 0.00000E+00
 2.50000E+01 0.00000E+00 0.00000E+00
 3.00000E+01 0.00000E+00 0.00000E+00
 3.50000E+01 5.31861E-03 2.68394E-02
 4.00000E+01 4.35754E-02 2.18688E-02
 4.50000E+01 7.24495E-01 6.22325E-02
 5.00000E+01 2.08000E+00 9.58072E-02
 6.00000E+01 1.99326E+00 9.34718E-02
 7.00000E+01 1.32416E+00 7.43594E-02
 8.00000E+01 1.03926E+00 6.78197E-02
 9.00000E+01 8.29432E-01 6.24221E-02
 1.00000E+02 6.78904E-01 5.86053E-02
