# p +  56Fe: Production of  57Co - Total
# Q-value    = 6.02782E+00 mass=  56.936291
# E-threshold= 0.00000E+00
# # energies = 24
#    E         xs
 1.000E+00 2.78352E-03
 2.000E+00 1.69261E-01
 3.000E+00 3.79282E-01
 4.000E+00 5.92270E-01
 5.000E+00 8.48112E-01
 6.000E+00 7.95570E-01
 8.000E+00 4.92811E-01
 1.000E+01 5.02242E-01
 1.200E+01 7.04357E-01
 1.400E+01 9.29202E-01
 1.600E+01 1.04145E+00
 1.800E+01 1.02196E+00
 2.000E+01 8.72984E-01
 2.500E+01 4.75730E-01
 3.000E+01 3.04905E-01
 3.500E+01 2.30347E-01
 4.000E+01 1.91856E-01
 4.500E+01 1.59726E-01
 5.000E+01 1.45189E-01
 6.000E+01 1.17165E-01
 7.000E+01 9.84823E-02
 8.000E+01 8.38495E-02
 9.000E+01 7.08510E-02
 1.000E+02 5.80330E-02
