# p +  58Fe: Production of  59Co - Total
# Q-value    = 7.36396E+00 mass=  58.933195
# E-threshold= 0.00000E+00
# # energies = 24
#    E         xs
 1.000E+00 3.12849E-03
 2.000E+00 4.16587E-01
 3.000E+00 1.15013E+00
 4.000E+00 2.61630E-01
 5.000E+00 1.65903E-01
 6.000E+00 1.64306E-01
 8.000E+00 2.26956E-01
 1.000E+01 4.26685E-01
 1.200E+01 6.52630E-01
 1.400E+01 7.98453E-01
 1.600E+01 8.52720E-01
 1.800E+01 8.20107E-01
 2.000E+01 6.76692E-01
 2.500E+01 3.74053E-01
 3.000E+01 2.49982E-01
 3.500E+01 1.99695E-01
 4.000E+01 1.65886E-01
 4.500E+01 1.44345E-01
 5.000E+01 1.35283E-01
 6.000E+01 1.12765E-01
 7.000E+01 9.48769E-02
 8.000E+01 7.94417E-02
 9.000E+01 6.77351E-02
 1.000E+02 6.14371E-02
