# p +  57Fe: Production of  54Co - Ground state
# Q-value    =-3.71682E+01 mass=  53.948459
# E-threshold= 3.78257E+01
# # energies = 24
#    E         xs      Branching
 1.000E+00 0.00000E+00  0.00000
 2.000E+00 0.00000E+00  0.00000
 3.000E+00 0.00000E+00  0.00000
 4.000E+00 0.00000E+00  0.00000
 5.000E+00 0.00000E+00  0.00000
 6.000E+00 0.00000E+00  0.00000
 8.000E+00 0.00000E+00  0.00000
 1.000E+01 0.00000E+00  0.00000
 1.200E+01 0.00000E+00  0.00000
 1.400E+01 0.00000E+00  0.00000
 1.600E+01 0.00000E+00  0.00000
 1.800E+01 0.00000E+00  0.00000
 2.000E+01 0.00000E+00  0.00000
 2.500E+01 0.00000E+00  0.00000
 3.000E+01 0.00000E+00  0.00000
 3.500E+01 0.00000E+00  0.00000
 4.000E+01 1.26387E-03  0.09903
 4.500E+01 1.37557E-01  0.46624
 5.000E+01 3.06574E-01  0.55854
 6.000E+01 1.82817E-01  0.60236
 7.000E+01 1.19677E-01  0.63565
 8.000E+01 8.56677E-02  0.65143
 9.000E+01 6.28021E-02  0.65410
 1.000E+02 4.95811E-02  0.65824
