# p +  56Fe: Production of  52Mn - Level  1     0.37775 MeV
# Q-value    =-1.34849E+01 mass=  51.945565
# E-threshold= 1.37278E+01
# # energies = 24
#    E         xs      Branching
 1.000E+00 0.00000E+00  0.00000
 2.000E+00 0.00000E+00  0.00000
 3.000E+00 0.00000E+00  0.00000
 4.000E+00 0.00000E+00  0.00000
 5.000E+00 0.00000E+00  0.00000
 6.000E+00 0.00000E+00  0.00000
 8.000E+00 0.00000E+00  0.00000
 1.000E+01 0.00000E+00  0.00000
 1.200E+01 0.00000E+00  0.00000
 1.400E+01 0.00000E+00  0.00000
 1.600E+01 0.00000E+00  0.00000
 1.800E+01 1.76658E-04  0.07054
 2.000E+01 1.29719E-01  0.24437
 2.500E+01 1.40740E+01  0.50890
 3.000E+01 1.79494E+01  0.51006
 3.500E+01 9.31489E+00  0.47280
 4.000E+01 4.32917E+00  0.44413
 4.500E+01 2.86231E+00  0.42592
 5.000E+01 2.62335E+00  0.39699
 6.000E+01 1.30759E+01  0.35092
 7.000E+01 2.62792E+01  0.40440
 8.000E+01 3.07819E+01  0.47089
 9.000E+01 2.95420E+01  0.46465
 1.000E+02 2.95990E+01  0.48821
