# p +  54Fe: Production of  48Ti - Level 10     3.63300 MeV
# Q-value    =-2.83976E+01 mass=  47.947940
# E-threshold= 2.89279E+01
# # energies =    24
#     E          xs      Branching
 1.00000E+00 0.00000E+00 0.00000E+00
 2.00000E+00 0.00000E+00 0.00000E+00
 3.00000E+00 0.00000E+00 0.00000E+00
 4.00000E+00 0.00000E+00 0.00000E+00
 5.00000E+00 0.00000E+00 0.00000E+00
 6.00000E+00 0.00000E+00 0.00000E+00
 8.00000E+00 0.00000E+00 0.00000E+00
 1.00000E+01 0.00000E+00 0.00000E+00
 1.20000E+01 0.00000E+00 0.00000E+00
 1.40000E+01 0.00000E+00 0.00000E+00
 1.60000E+01 0.00000E+00 0.00000E+00
 1.80000E+01 0.00000E+00 0.00000E+00
 2.00000E+01 0.00000E+00 0.00000E+00
 2.50000E+01 0.00000E+00 0.00000E+00
 3.00000E+01 0.00000E+00 0.00000E+00
 3.50000E+01 0.00000E+00 0.00000E+00
 4.00000E+01 3.15774E-12 2.86999E-09
 4.50000E+01 9.91334E-06 3.29846E-05
 5.00000E+01 1.43967E-03 7.90433E-04
 6.00000E+01 1.19142E-02 5.77081E-03
 7.00000E+01 9.14715E-03 5.97792E-03
 8.00000E+01 9.85451E-03 4.74341E-03
 9.00000E+01 1.95493E-02 4.52624E-03
 1.00000E+02 3.33015E-02 4.92645E-03
