# p +  56Fe: Production of  56Fe - Total
# Q-value    = 0.00000E+00 mass=  55.934937
# E-threshold= 0.00000E+00
# # energies = 24
#    E         xs
 1.000E+00 0.00000E+00
 2.000E+00 1.44572E-02
 3.000E+00 3.71665E+00
 4.000E+00 3.44968E+01
 5.000E+00 1.26768E+02
 6.000E+00 2.41684E+02
 8.000E+00 3.92423E+02
 1.000E+01 4.87014E+02
 1.200E+01 5.40488E+02
 1.400E+01 5.57350E+02
 1.600E+01 4.85938E+02
 1.800E+01 3.36936E+02
 2.000E+01 2.34501E+02
 2.500E+01 1.65132E+02
 3.000E+01 1.44115E+02
 3.500E+01 1.26052E+02
 4.000E+01 1.11975E+02
 4.500E+01 9.79273E+01
 5.000E+01 9.33694E+01
 6.000E+01 7.77732E+01
 7.000E+01 6.16743E+01
 8.000E+01 4.91954E+01
 9.000E+01 3.98538E+01
 1.000E+02 3.22053E+01
