# p +  58Fe: Production of 54Co - Ground state
# Q-value    =   -47.21115
# E-threshold=    48.03201
# # energies = 24
#    E         xs      Branching
 1.000E+00 0.00000E+00
 2.000E+00 0.00000E+00
 3.000E+00 0.00000E+00
 4.000E+00 0.00000E+00
 5.000E+00 0.00000E+00
 6.000E+00 0.00000E+00
 8.000E+00 0.00000E+00
 1.000E+01 0.00000E+00
 1.200E+01 0.00000E+00
 1.400E+01 0.00000E+00
 1.600E+01 0.00000E+00
 1.800E+01 0.00000E+00
 2.000E+01 0.00000E+00
 2.500E+01 0.00000E+00
 3.000E+01 0.00000E+00
 3.500E+01 0.00000E+00
 4.000E+01 0.00000E+00
 4.500E+01 0.00000E+00
 5.000E+01 0.00000E+00
 6.000E+01 2.67327E-02  0.41203
 7.000E+01 6.07975E-02  0.49376
 8.000E+01 5.92577E-02  0.51685
 9.000E+01 5.48236E-02  0.52979
 1.000E+02 5.28055E-02  0.54530
