# p +  58Fe: Production of 46Sc - Level  2
# Q-value    =   -28.58982
# E-threshold=    29.08691
# # energies = 24
#    E         xs      Branching
 1.000E+00 0.00000E+00
 2.000E+00 0.00000E+00
 3.000E+00 0.00000E+00
 4.000E+00 0.00000E+00
 5.000E+00 0.00000E+00
 6.000E+00 0.00000E+00
 8.000E+00 0.00000E+00
 1.000E+01 0.00000E+00
 1.200E+01 0.00000E+00
 1.400E+01 0.00000E+00
 1.600E+01 0.00000E+00
 1.800E+01 0.00000E+00
 2.000E+01 0.00000E+00
 2.500E+01 0.00000E+00
 3.000E+01 0.00000E+00
 3.500E+01 0.00000E+00
 4.000E+01 0.00000E+00
 4.500E+01 0.00000E+00
 5.000E+01 0.00000E+00
 6.000E+01 4.86854E-04  0.17047
 7.000E+01 1.60175E-03  0.18132
 8.000E+01 1.51295E-03  0.18133
 9.000E+01 2.94035E-03  0.15329
 1.000E+02 1.62583E-02  0.16363
