# p +  57Fe: Production of  58Co - Total
# Q-value    = 6.95435E+00 mass=  57.935752
# E-threshold= 0.00000E+00
# # energies =    24
#     E          xs
 1.00000E+00 2.99831E-03
 2.00000E+00 1.28816E-01
 3.00000E+00 2.55737E-01
 4.00000E+00 2.06326E-01
 5.00000E+00 2.56479E-01
 6.00000E+00 3.14969E-01
 8.00000E+00 3.97919E-01
 1.00000E+01 5.39954E-01
 1.20000E+01 7.62840E-01
 1.40000E+01 9.51229E-01
 1.60000E+01 9.77629E-01
 1.80000E+01 8.84929E-01
 2.00000E+01 7.23701E-01
 2.50000E+01 3.55239E-01
 3.00000E+01 2.43281E-01
 3.50000E+01 2.00486E-01
 4.00000E+01 1.69189E-01
 4.50000E+01 1.47537E-01
 5.00000E+01 1.39531E-01
 6.00000E+01 1.11905E-01
 7.00000E+01 9.63963E-02
 8.00000E+01 7.85870E-02
 9.00000E+01 6.27692E-02
 1.00000E+02 5.98507E-02
