# p +  57Fe: Production of  53Fe - Level 22     3.04040 MeV
# Q-value    =-3.60783E+01 mass=  52.945306
# E-threshold= 3.67166E+01
# # energies =    24
#     E          xs      Branching
 1.00000E+00 0.00000E+00 0.00000E+00
 2.00000E+00 0.00000E+00 0.00000E+00
 3.00000E+00 0.00000E+00 0.00000E+00
 4.00000E+00 0.00000E+00 0.00000E+00
 5.00000E+00 0.00000E+00 0.00000E+00
 6.00000E+00 0.00000E+00 0.00000E+00
 8.00000E+00 0.00000E+00 0.00000E+00
 1.00000E+01 0.00000E+00 0.00000E+00
 1.20000E+01 0.00000E+00 0.00000E+00
 1.40000E+01 0.00000E+00 0.00000E+00
 1.60000E+01 0.00000E+00 0.00000E+00
 1.80000E+01 0.00000E+00 0.00000E+00
 2.00000E+01 0.00000E+00 0.00000E+00
 2.50000E+01 0.00000E+00 0.00000E+00
 3.00000E+01 0.00000E+00 0.00000E+00
 3.50000E+01 0.00000E+00 0.00000E+00
 4.00000E+01 8.12940E-05 5.48666E-03
 4.50000E+01 7.87611E-03 5.12557E-02
 5.00000E+01 4.74986E-02 3.94900E-02
 6.00000E+01 5.35144E-01 6.92064E-02
 7.00000E+01 4.23348E-01 4.99213E-02
 8.00000E+01 3.31132E-01 4.08048E-02
 9.00000E+01 2.29551E-01 3.20946E-02
 1.00000E+02 1.87067E-01 2.91687E-02
