# p +  58Fe: Production of  54Co - Level  1     0.19740 MeV
# Q-value    =-4.74089E+01 mass=  53.948459
# E-threshold= 4.82332E+01
# # energies = 24
#    E         xs      Branching
 1.000E+00 0.00000E+00  0.00000
 2.000E+00 0.00000E+00  0.00000
 3.000E+00 0.00000E+00  0.00000
 4.000E+00 0.00000E+00  0.00000
 5.000E+00 0.00000E+00  0.00000
 6.000E+00 0.00000E+00  0.00000
 8.000E+00 0.00000E+00  0.00000
 1.000E+01 0.00000E+00  0.00000
 1.200E+01 0.00000E+00  0.00000
 1.400E+01 0.00000E+00  0.00000
 1.600E+01 0.00000E+00  0.00000
 1.800E+01 0.00000E+00  0.00000
 2.000E+01 0.00000E+00  0.00000
 2.500E+01 0.00000E+00  0.00000
 3.000E+01 0.00000E+00  0.00000
 3.500E+01 0.00000E+00  0.00000
 4.000E+01 0.00000E+00  0.00000
 4.500E+01 0.00000E+00  0.00000
 5.000E+01 0.00000E+00  0.00000
 6.000E+01 4.66427E-02  0.55629
 7.000E+01 5.54898E-02  0.44829
 8.000E+01 3.13295E-02  0.40328
 9.000E+01 2.12785E-02  0.37361
 1.000E+02 1.59065E-02  0.37126
