# p +  57Fe: Production of  54Co - Level  1
# Q-value    =   -37.36431
# E-threshold=    38.02534
# # energies = 24
#    E         xs      Branching
 1.000E+00 0.00000E+00
 2.000E+00 0.00000E+00
 3.000E+00 0.00000E+00
 4.000E+00 0.00000E+00
 5.000E+00 0.00000E+00
 6.000E+00 0.00000E+00
 8.000E+00 0.00000E+00
 1.000E+01 0.00000E+00
 1.200E+01 0.00000E+00
 1.400E+01 0.00000E+00
 1.600E+01 0.00000E+00
 1.800E+01 0.00000E+00
 2.000E+01 0.00000E+00
 2.500E+01 0.00000E+00
 3.000E+01 0.00000E+00
 3.500E+01 0.00000E+00
 4.000E+01 2.09604E-03  0.92037
 4.500E+01 9.07607E-02  0.62829
 5.000E+01 2.17098E-01  0.49092
 6.000E+01 1.85319E-01  0.45265
 7.000E+01 1.35210E-01  0.43352
 8.000E+01 1.09761E-01  0.40920
 9.000E+01 9.36748E-02  0.40402
 1.000E+02 8.29751E-02  0.40086
