# p +  57Fe: Production of  50Mn - Level  1     0.22528 MeV
# Q-value    =-4.52005E+01 mass=  49.954237
# E-threshold= 4.60001E+01
# # energies = 24
#    E         xs      Branching
 1.000E+00 0.00000E+00  0.00000
 2.000E+00 0.00000E+00  0.00000
 3.000E+00 0.00000E+00  0.00000
 4.000E+00 0.00000E+00  0.00000
 5.000E+00 0.00000E+00  0.00000
 6.000E+00 0.00000E+00  0.00000
 8.000E+00 0.00000E+00  0.00000
 1.000E+01 0.00000E+00  0.00000
 1.200E+01 0.00000E+00  0.00000
 1.400E+01 0.00000E+00  0.00000
 1.600E+01 0.00000E+00  0.00000
 1.800E+01 0.00000E+00  0.00000
 2.000E+01 0.00000E+00  0.00000
 2.500E+01 0.00000E+00  0.00000
 3.000E+01 0.00000E+00  0.00000
 3.500E+01 0.00000E+00  0.00000
 4.000E+01 0.00000E+00  0.00000
 4.500E+01 0.00000E+00  0.00000
 5.000E+01 0.00000E+00  0.00000
 6.000E+01 2.55364E-02  0.70500
 7.000E+01 5.68032E-02  0.63732
 8.000E+01 5.55177E-02  0.61936
 9.000E+01 9.90764E-02  0.63709
 1.000E+02 2.07064E-01  0.61508
