# p +  58Fe: Production of  55Mn - Total
# Q-value    = 4.21315E-01 mass=  54.938043
# E-threshold= 0.00000E+00
# # energies =    24
#     E          xs
 1.00000E+00 1.00000E-07
 2.00000E+00 1.00000E-07
 3.00000E+00 1.00000E-07
 4.00000E+00 6.83181E-03
 5.00000E+00 8.24636E-02
 6.00000E+00 5.74756E-01
 8.00000E+00 4.99960E+00
 1.00000E+01 1.45320E+01
 1.20000E+01 2.61185E+01
 1.40000E+01 3.23225E+01
 1.60000E+01 3.48811E+01
 1.80000E+01 3.03372E+01
 2.00000E+01 1.72259E+01
 2.50000E+01 5.89364E+00
 3.00000E+01 3.76484E+00
 3.50000E+01 6.98102E+00
 4.00000E+01 2.22099E+01
 4.50000E+01 4.73325E+01
 5.00000E+01 6.56415E+01
 6.00000E+01 6.89644E+01
 7.00000E+01 6.50374E+01
 8.00000E+01 6.41905E+01
 9.00000E+01 5.77359E+01
 1.00000E+02 5.38209E+01
