# p +  54Fe: Production of  48Ti - Level 14     3.63300 MeV
# Q-value    =-2.83976E+01 mass=  47.947940
# E-threshold= 2.89279E+01
# # energies =    24
#     E          xs      Branching
 1.00000E+00 0.00000E+00 0.00000E+00
 2.00000E+00 0.00000E+00 0.00000E+00
 3.00000E+00 0.00000E+00 0.00000E+00
 4.00000E+00 0.00000E+00 0.00000E+00
 5.00000E+00 0.00000E+00 0.00000E+00
 6.00000E+00 0.00000E+00 0.00000E+00
 8.00000E+00 0.00000E+00 0.00000E+00
 1.00000E+01 0.00000E+00 0.00000E+00
 1.20000E+01 0.00000E+00 0.00000E+00
 1.40000E+01 0.00000E+00 0.00000E+00
 1.60000E+01 0.00000E+00 0.00000E+00
 1.80000E+01 0.00000E+00 0.00000E+00
 2.00000E+01 0.00000E+00 0.00000E+00
 2.50000E+01 0.00000E+00 0.00000E+00
 3.00000E+01 0.00000E+00 0.00000E+00
 3.50000E+01 0.00000E+00 0.00000E+00
 4.00000E+01 3.16132E-12 2.86841E-09
 4.50000E+01 9.81082E-06 3.25467E-05
 5.00000E+01 1.41328E-03 7.68263E-04
 6.00000E+01 1.15860E-02 5.42881E-03
 7.00000E+01 8.83134E-03 5.62477E-03
 8.00000E+01 9.50725E-03 4.47753E-03
 9.00000E+01 1.88109E-02 4.26329E-03
 1.00000E+02 3.19819E-02 4.63530E-03
