# p +  54Fe: Production of  53Fe - Level  5     3.04040 MeV
# Q-value    =-1.41941E+01 mass=  52.945305
# E-threshold= 1.44592E+01
# # energies =    24
#     E          xs      Branching
 1.00000E+00 0.00000E+00 0.00000E+00
 2.00000E+00 0.00000E+00 0.00000E+00
 3.00000E+00 0.00000E+00 0.00000E+00
 4.00000E+00 0.00000E+00 0.00000E+00
 5.00000E+00 0.00000E+00 0.00000E+00
 6.00000E+00 0.00000E+00 0.00000E+00
 8.00000E+00 0.00000E+00 0.00000E+00
 1.00000E+01 0.00000E+00 0.00000E+00
 1.20000E+01 0.00000E+00 0.00000E+00
 1.40000E+01 0.00000E+00 0.00000E+00
 1.60000E+01 1.18164E-03 3.18597E-05
 1.80000E+01 2.39112E-01 1.97257E-03
 2.00000E+01 1.59127E+00 7.45043E-03
 2.50000E+01 1.48393E+01 4.95375E-02
 3.00000E+01 2.03460E+01 7.09069E-02
 3.50000E+01 1.55553E+01 7.59941E-02
 4.00000E+01 1.30225E+01 7.55853E-02
 4.50000E+01 1.15569E+01 7.51745E-02
 5.00000E+01 1.02822E+01 7.42616E-02
 6.00000E+01 8.35283E+00 7.27751E-02
 7.00000E+01 7.09992E+00 7.22018E-02
 8.00000E+01 6.02304E+00 7.10671E-02
 9.00000E+01 5.00374E+00 6.86237E-02
 1.00000E+02 4.26120E+00 6.79276E-02
