# p +  57Fe: Production of  58Co - Ground state
# Q-value    =     6.95471
# E-threshold=     0.00000
# # energies = 24
#    E         xs      Branching
 1.000E+00 2.85084E-03  0.94430
 2.000E+00 1.57684E-01  0.94937
 3.000E+00 3.06168E-01  0.93685
 4.000E+00 2.29860E-01  0.91293
 5.000E+00 2.75210E-01  0.89831
 6.000E+00 3.26067E-01  0.88539
 8.000E+00 3.83746E-01  0.85499
 1.000E+01 4.66167E-01  0.81483
 1.200E+01 6.08152E-01  0.78945
 1.400E+01 7.33731E-01  0.78421
 1.600E+01 7.35009E-01  0.76974
 1.800E+01 6.48768E-01  0.75412
 2.000E+01 5.01419E-01  0.74036
 2.500E+01 2.49331E-01  0.71625
 3.000E+01 1.66893E-01  0.70281
 3.500E+01 1.36283E-01  0.69534
 4.000E+01 1.08005E-01  0.68384
 4.500E+01 1.04562E-01  0.68923
 5.000E+01 8.99584E-02  0.68917
 6.000E+01 7.13149E-02  0.68598
 7.000E+01 6.55973E-02  0.69415
 8.000E+01 5.00733E-02  0.69347
 9.000E+01 4.65893E-02  0.70934
 1.000E+02 3.28011E-02  0.70611
