# p +  56Fe: Production of 50Mn - Ground state
# Q-value    =   -37.32944
# E-threshold=    38.00167
# # energies = 24
#    E         xs      Branching
 1.000E+00 0.00000E+00
 2.000E+00 0.00000E+00
 3.000E+00 0.00000E+00
 4.000E+00 0.00000E+00
 5.000E+00 0.00000E+00
 6.000E+00 0.00000E+00
 8.000E+00 0.00000E+00
 1.000E+01 0.00000E+00
 1.200E+01 0.00000E+00
 1.400E+01 0.00000E+00
 1.600E+01 0.00000E+00
 1.800E+01 0.00000E+00
 2.000E+01 0.00000E+00
 2.500E+01 0.00000E+00
 3.000E+01 0.00000E+00
 3.500E+01 0.00000E+00
 4.000E+01 0.00000E+00
 4.500E+01 0.00000E+00
 5.000E+01 3.80621E-03  0.32029
 6.000E+01 9.11616E-02  0.44876
 7.000E+01 9.08891E-02  0.45144
 8.000E+01 9.45854E-02  0.46807
 9.000E+01 1.24586E-01  0.42268
 1.000E+02 2.60634E-01  0.43894
