# p +  54Fe: Production of  54Co - Level  1     0.19700 MeV
# Q-value    =-9.22390E+00 mass=  53.948459
# E-threshold= 9.39615E+00
# # energies =    24
#     E          xs      Branching
 1.00000E+00 0.00000E+00 0.00000E+00
 2.00000E+00 0.00000E+00 0.00000E+00
 3.00000E+00 0.00000E+00 0.00000E+00
 4.00000E+00 0.00000E+00 0.00000E+00
 5.00000E+00 0.00000E+00 0.00000E+00
 6.00000E+00 0.00000E+00 0.00000E+00
 8.00000E+00 0.00000E+00 0.00000E+00
 1.00000E+01 4.66757E-01 6.82027E-02
 1.20000E+01 5.15130E+00 8.27734E-02
 1.40000E+01 1.45651E+01 1.20297E-01
 1.60000E+01 1.66376E+01 1.54521E-01
 1.80000E+01 1.03365E+01 1.79410E-01
 2.00000E+01 6.31767E+00 1.85344E-01
 2.50000E+01 3.21565E+00 1.74071E-01
 3.00000E+01 2.42441E+00 1.74822E-01
 3.50000E+01 2.03955E+00 1.83532E-01
 4.00000E+01 1.57630E+00 1.83440E-01
 4.50000E+01 1.25045E+00 1.77294E-01
 5.00000E+01 9.67219E-01 1.70623E-01
 6.00000E+01 9.16315E-01 2.09333E-01
 7.00000E+01 6.63962E-01 2.03430E-01
 8.00000E+01 4.90556E-01 1.92504E-01
 9.00000E+01 3.69263E-01 1.90289E-01
 1.00000E+02 2.53853E-01 1.64531E-01
