# p +  54Fe: Production of  53Fe - Ground state
# Q-value    =-1.11537E+01 mass=  52.945305
# E-threshold= 1.13620E+01
# # energies =    24
#     E          xs      Branching
 1.00000E+00 0.00000E+00 0.00000E+00
 2.00000E+00 0.00000E+00 0.00000E+00
 3.00000E+00 0.00000E+00 0.00000E+00
 4.00000E+00 0.00000E+00 0.00000E+00
 5.00000E+00 0.00000E+00 0.00000E+00
 6.00000E+00 0.00000E+00 0.00000E+00
 8.00000E+00 0.00000E+00 0.00000E+00
 1.00000E+01 0.00000E+00 0.00000E+00
 1.20000E+01 0.00000E+00 0.00000E+00
 1.40000E+01 2.93263E-02 1.00000E+00
 1.60000E+01 3.71257E+01 1.00000E+00
 1.80000E+01 1.22099E+02 9.99942E-01
 2.00000E+01 2.22879E+02 9.98838E-01
 2.50000E+01 3.28574E+02 9.87708E-01
 3.00000E+01 2.92454E+02 9.82767E-01
 3.50000E+01 2.06519E+02 9.80370E-01
 4.00000E+01 1.73801E+02 9.79944E-01
 4.50000E+01 1.54990E+02 9.79537E-01
 5.00000E+01 1.39701E+02 9.79711E-01
 6.00000E+01 1.16040E+02 9.80076E-01
 7.00000E+01 9.95093E+01 9.80174E-01
 8.00000E+01 8.54711E+01 9.79933E-01
 9.00000E+01 7.33232E+01 9.81031E-01
 1.00000E+02 6.30185E+01 9.80738E-01
