# p +  58Fe: Production of  58Fe - Total
# Q-value    = 0.00000E+00 mass=  57.933275
# E-threshold= 0.00000E+00
# # energies = 24
#    E         xs
 1.000E+00 0.00000E+00
 2.000E+00 1.55180E-02
 3.000E+00 4.79816E+00
 4.000E+00 9.99903E+00
 5.000E+00 2.63662E+01
 6.000E+00 4.84851E+01
 8.000E+00 8.68510E+01
 1.000E+01 1.27458E+02
 1.200E+01 1.65382E+02
 1.400E+01 1.88331E+02
 1.600E+01 1.77000E+02
 1.800E+01 1.61609E+02
 2.000E+01 1.53044E+02
 2.500E+01 1.37521E+02
 3.000E+01 1.23320E+02
 3.500E+01 1.12447E+02
 4.000E+01 1.01894E+02
 4.500E+01 9.11226E+01
 5.000E+01 7.98251E+01
 6.000E+01 6.73393E+01
 7.000E+01 5.62356E+01
 8.000E+01 4.65933E+01
 9.000E+01 3.81901E+01
 1.000E+02 2.91237E+01
