# p +  58Fe: Production of  44Sc - Level  4     0.27124 MeV
# Q-value    =-4.88095E+01 mass=  43.959402
# E-threshold= 4.96581E+01
# # energies =    24
#     E          xs      Branching
 1.00000E+00 0.00000E+00 0.00000E+00
 2.00000E+00 0.00000E+00 0.00000E+00
 3.00000E+00 0.00000E+00 0.00000E+00
 4.00000E+00 0.00000E+00 0.00000E+00
 5.00000E+00 0.00000E+00 0.00000E+00
 6.00000E+00 0.00000E+00 0.00000E+00
 8.00000E+00 0.00000E+00 0.00000E+00
 1.00000E+01 0.00000E+00 0.00000E+00
 1.20000E+01 0.00000E+00 0.00000E+00
 1.40000E+01 0.00000E+00 0.00000E+00
 1.60000E+01 0.00000E+00 0.00000E+00
 1.80000E+01 0.00000E+00 0.00000E+00
 2.00000E+01 0.00000E+00 0.00000E+00
 2.50000E+01 0.00000E+00 0.00000E+00
 3.00000E+01 0.00000E+00 0.00000E+00
 3.50000E+01 0.00000E+00 0.00000E+00
 4.00000E+01 0.00000E+00 0.00000E+00
 4.50000E+01 0.00000E+00 0.00000E+00
 5.00000E+01 0.00000E+00 0.00000E+00
 6.00000E+01 0.00000E+00 0.00000E+00
 7.00000E+01 0.00000E+00 0.00000E+00
 8.00000E+01 4.88004E-04 3.14775E-01
 9.00000E+01 2.34136E-03 3.25963E-01
 1.00000E+02 2.75671E-02 3.87576E-01
