# p +  56Fe: Production of  48Ti - Level 14     3.63300 MeV
# Q-value    =-2.05975E+01 mass=  47.947941
# E-threshold= 2.09684E+01
# # energies =    24
#     E          xs      Branching
 1.00000E+00 0.00000E+00 0.00000E+00
 2.00000E+00 0.00000E+00 0.00000E+00
 3.00000E+00 0.00000E+00 0.00000E+00
 4.00000E+00 0.00000E+00 0.00000E+00
 5.00000E+00 0.00000E+00 0.00000E+00
 6.00000E+00 0.00000E+00 0.00000E+00
 8.00000E+00 0.00000E+00 0.00000E+00
 1.00000E+01 0.00000E+00 0.00000E+00
 1.20000E+01 0.00000E+00 0.00000E+00
 1.40000E+01 0.00000E+00 0.00000E+00
 1.60000E+01 0.00000E+00 0.00000E+00
 1.80000E+01 0.00000E+00 0.00000E+00
 2.00000E+01 0.00000E+00 0.00000E+00
 2.50000E+01 0.00000E+00 0.00000E+00
 3.00000E+01 0.00000E+00 0.00000E+00
 3.50000E+01 1.70902E-07 8.80789E-06
 4.00000E+01 2.20016E-04 1.11479E-03
 4.50000E+01 1.90189E-03 7.52855E-03
 5.00000E+01 2.30526E-03 8.77228E-03
 6.00000E+01 1.10369E-03 7.08328E-03
 7.00000E+01 1.61030E-03 3.19250E-03
 8.00000E+01 6.76268E-03 4.66609E-03
 9.00000E+01 1.37347E-02 5.35408E-03
 1.00000E+02 1.89175E-02 5.50024E-03
