# p +  57Fe: Production of  48Ti - Level 14     3.63300 MeV
# Q-value    =-2.60190E+01 mass=  47.947941
# E-threshold= 2.64793E+01
# # energies =    24
#     E          xs      Branching
 1.00000E+00 0.00000E+00 0.00000E+00
 2.00000E+00 0.00000E+00 0.00000E+00
 3.00000E+00 0.00000E+00 0.00000E+00
 4.00000E+00 0.00000E+00 0.00000E+00
 5.00000E+00 0.00000E+00 0.00000E+00
 6.00000E+00 0.00000E+00 0.00000E+00
 8.00000E+00 0.00000E+00 0.00000E+00
 1.00000E+01 0.00000E+00 0.00000E+00
 1.20000E+01 0.00000E+00 0.00000E+00
 1.40000E+01 0.00000E+00 0.00000E+00
 1.60000E+01 0.00000E+00 0.00000E+00
 1.80000E+01 0.00000E+00 0.00000E+00
 2.00000E+01 0.00000E+00 0.00000E+00
 2.50000E+01 0.00000E+00 0.00000E+00
 3.00000E+01 0.00000E+00 0.00000E+00
 3.50000E+01 0.00000E+00 0.00000E+00
 4.00000E+01 0.00000E+00 0.00000E+00
 4.50000E+01 6.35610E-06 1.05734E-04
 5.00000E+01 4.60724E-04 1.87491E-03
 6.00000E+01 2.88705E-03 7.37998E-03
 7.00000E+01 2.11165E-03 6.97075E-03
 8.00000E+01 3.06543E-03 5.04542E-03
 9.00000E+01 8.96590E-03 5.74877E-03
 1.00000E+02 1.34269E-02 5.03829E-03
