# p +  54Fe: Production of  55Co - Total
# Q-value    = 5.06435E+00 mass=  54.941996
# E-threshold= 0.00000E+00
# # energies =    24
#     E          xs
 1.00000E+00 1.00000E-07
 2.00000E+00 1.69928E-02
 3.00000E+00 4.87783E-02
 4.00000E+00 6.92577E-02
 5.00000E+00 8.98414E-02
 6.00000E+00 1.19340E-01
 8.00000E+00 1.63493E-01
 1.00000E+01 1.90815E-01
 1.20000E+01 2.67192E-01
 1.40000E+01 4.37223E-01
 1.60000E+01 5.92583E-01
 1.80000E+01 6.22520E-01
 2.00000E+01 5.13855E-01
 2.50000E+01 2.57996E-01
 3.00000E+01 1.69434E-01
 3.50000E+01 1.30764E-01
 4.00000E+01 1.05729E-01
 4.50000E+01 9.18767E-02
 5.00000E+01 8.46366E-02
 6.00000E+01 7.18412E-02
 7.00000E+01 6.19727E-02
 8.00000E+01 5.20503E-02
 9.00000E+01 4.53844E-02
 1.00000E+02 3.76227E-02
