# p +  57Fe: Production of  53Fe - Level 10     3.04040 MeV
# Q-value    =-3.60782E+01 mass=  52.945305
# E-threshold= 3.67165E+01
# # energies =    24
#     E          xs      Branching
 1.00000E+00 0.00000E+00 0.00000E+00
 2.00000E+00 0.00000E+00 0.00000E+00
 3.00000E+00 0.00000E+00 0.00000E+00
 4.00000E+00 0.00000E+00 0.00000E+00
 5.00000E+00 0.00000E+00 0.00000E+00
 6.00000E+00 0.00000E+00 0.00000E+00
 8.00000E+00 0.00000E+00 0.00000E+00
 1.00000E+01 0.00000E+00 0.00000E+00
 1.20000E+01 0.00000E+00 0.00000E+00
 1.40000E+01 0.00000E+00 0.00000E+00
 1.60000E+01 0.00000E+00 0.00000E+00
 1.80000E+01 0.00000E+00 0.00000E+00
 2.00000E+01 0.00000E+00 0.00000E+00
 2.50000E+01 0.00000E+00 0.00000E+00
 3.00000E+01 0.00000E+00 0.00000E+00
 3.50000E+01 0.00000E+00 0.00000E+00
 4.00000E+01 8.78146E-05 6.00428E-03
 4.50000E+01 1.10143E-02 7.62078E-02
 5.00000E+01 6.93296E-02 5.92850E-02
 6.00000E+01 9.38617E-01 1.22225E-01
 7.00000E+01 8.54798E-01 1.02160E-01
 8.00000E+01 6.70728E-01 8.50032E-02
 9.00000E+01 4.81783E-01 7.00385E-02
 1.00000E+02 3.87791E-01 6.32844E-02
