# p +  58Fe: Production of  52Mn - Level  1
# Q-value    =   -31.17563
# E-threshold=    31.71768
# # energies = 24
#    E         xs      Branching
 1.000E+00 0.00000E+00
 2.000E+00 0.00000E+00
 3.000E+00 0.00000E+00
 4.000E+00 0.00000E+00
 5.000E+00 0.00000E+00
 6.000E+00 0.00000E+00
 8.000E+00 0.00000E+00
 1.000E+01 0.00000E+00
 1.200E+01 0.00000E+00
 1.400E+01 0.00000E+00
 1.600E+01 0.00000E+00
 1.800E+01 0.00000E+00
 2.000E+01 0.00000E+00
 2.500E+01 0.00000E+00
 3.000E+01 0.00000E+00
 3.500E+01 0.00000E+00
 4.000E+01 1.68370E-02  0.15824
 4.500E+01 1.50560E+00  0.31495
 5.000E+01 4.74653E+00  0.38829
 6.000E+01 4.67092E+00  0.40364
 7.000E+01 3.11554E+00  0.39238
 8.000E+01 4.09230E+00  0.37714
 9.000E+01 9.41065E+00  0.39505
 1.000E+02 1.44617E+01  0.39773
