# p +  56Fe: Production of  54Co - Level  1     0.19700 MeV
# Q-value    =-2.97191E+01 mass=  53.948459
# E-threshold= 3.02543E+01
# # energies = 24
#    E         xs      Branching
 1.000E+00 0.00000E+00  0.00000
 2.000E+00 0.00000E+00  0.00000
 3.000E+00 0.00000E+00  0.00000
 4.000E+00 0.00000E+00  0.00000
 5.000E+00 0.00000E+00  0.00000
 6.000E+00 0.00000E+00  0.00000
 8.000E+00 0.00000E+00  0.00000
 1.000E+01 0.00000E+00  0.00000
 1.200E+01 0.00000E+00  0.00000
 1.400E+01 0.00000E+00  0.00000
 1.600E+01 0.00000E+00  0.00000
 1.800E+01 0.00000E+00  0.00000
 2.000E+01 0.00000E+00  0.00000
 2.500E+01 0.00000E+00  0.00000
 3.000E+01 0.00000E+00  0.00000
 3.500E+01 4.60007E-01  0.52721
 4.000E+01 9.11177E-01  0.37929
 4.500E+01 6.41941E-01  0.36333
 5.000E+01 4.13498E-01  0.35123
 6.000E+01 2.45857E-01  0.34453
 7.000E+01 1.74889E-01  0.34172
 8.000E+01 1.32860E-01  0.34083
 9.000E+01 1.04961E-01  0.34113
 1.000E+02 8.42805E-02  0.34025
