# p +  56Fe: Production of  48Ti - Level 10     3.63300 MeV
# Q-value    =-2.05972E+01 mass=  47.947940
# E-threshold= 2.09681E+01
# # energies =    24
#     E          xs      Branching
 1.00000E+00 0.00000E+00 0.00000E+00
 2.00000E+00 0.00000E+00 0.00000E+00
 3.00000E+00 0.00000E+00 0.00000E+00
 4.00000E+00 0.00000E+00 0.00000E+00
 5.00000E+00 0.00000E+00 0.00000E+00
 6.00000E+00 0.00000E+00 0.00000E+00
 8.00000E+00 0.00000E+00 0.00000E+00
 1.00000E+01 0.00000E+00 0.00000E+00
 1.20000E+01 0.00000E+00 0.00000E+00
 1.40000E+01 0.00000E+00 0.00000E+00
 1.60000E+01 0.00000E+00 0.00000E+00
 1.80000E+01 0.00000E+00 0.00000E+00
 2.00000E+01 0.00000E+00 0.00000E+00
 2.50000E+01 0.00000E+00 0.00000E+00
 3.00000E+01 0.00000E+00 0.00000E+00
 3.50000E+01 1.21478E-07 6.36591E-06
 4.00000E+01 2.20892E-04 1.11886E-03
 4.50000E+01 1.95744E-03 8.04566E-03
 5.00000E+01 2.40839E-03 9.39043E-03
 6.00000E+01 1.17996E-03 7.58422E-03
 7.00000E+01 1.69116E-03 3.37829E-03
 8.00000E+01 7.11341E-03 4.97479E-03
 9.00000E+01 1.43979E-02 5.70328E-03
 1.00000E+02 1.98089E-02 5.87428E-03
