# p +  57Fe: Production of  50Mn - Ground state
# Q-value    =   -44.97455
# E-threshold=    45.77022
# # energies = 24
#    E         xs      Branching
 1.000E+00 0.00000E+00
 2.000E+00 0.00000E+00
 3.000E+00 0.00000E+00
 4.000E+00 0.00000E+00
 5.000E+00 0.00000E+00
 6.000E+00 0.00000E+00
 8.000E+00 0.00000E+00
 1.000E+01 0.00000E+00
 1.200E+01 0.00000E+00
 1.400E+01 0.00000E+00
 1.600E+01 0.00000E+00
 1.800E+01 0.00000E+00
 2.000E+01 0.00000E+00
 2.500E+01 0.00000E+00
 3.000E+01 0.00000E+00
 3.500E+01 0.00000E+00
 4.000E+01 0.00000E+00
 4.500E+01 0.00000E+00
 5.000E+01 0.00000E+00
 6.000E+01 1.46782E-03  0.33038
 7.000E+01 2.22854E-02  0.40251
 8.000E+01 3.73388E-02  0.42222
 9.000E+01 4.89489E-02  0.41912
 1.000E+02 9.12144E-02  0.41743
