# p +  58Fe: Production of 52Mn - Ground state
# Q-value    =   -30.79762
# E-threshold=    31.33309
# # energies = 24
#    E         xs      Branching
 1.000E+00 0.00000E+00
 2.000E+00 0.00000E+00
 3.000E+00 0.00000E+00
 4.000E+00 0.00000E+00
 5.000E+00 0.00000E+00
 6.000E+00 0.00000E+00
 8.000E+00 0.00000E+00
 1.000E+01 0.00000E+00
 1.200E+01 0.00000E+00
 1.400E+01 0.00000E+00
 1.600E+01 0.00000E+00
 1.800E+01 0.00000E+00
 2.000E+01 0.00000E+00
 2.500E+01 0.00000E+00
 3.000E+01 0.00000E+00
 3.500E+01 0.00000E+00
 4.000E+01 7.06333E-02  0.85016
 4.500E+01 2.54153E+00  0.70307
 5.000E+01 5.76866E+00  0.63414
 6.000E+01 5.49601E+00  0.62337
 7.000E+01 4.04272E+00  0.63069
 8.000E+01 5.91103E+00  0.64519
 9.000E+01 1.35540E+01  0.65370
 1.000E+02 2.13811E+01  0.65531
