# p +  57Fe: Production of  54Mn - Total
# Q-value    = 2.39402E-01 mass=  53.940357
# E-threshold= 0.00000E+00
# # energies = 24
#    E         xs
 1.000E+00 1.00000E-07
 2.000E+00 1.00000E-07
 3.000E+00 1.00000E-07
 4.000E+00 1.77609E-03
 5.000E+00 5.65854E-02
 6.000E+00 6.26475E-01
 8.000E+00 9.36359E+00
 1.000E+01 2.65964E+01
 1.200E+01 4.09670E+01
 1.400E+01 5.02103E+01
 1.600E+01 5.25744E+01
 1.800E+01 3.90683E+01
 2.000E+01 2.20936E+01
 2.500E+01 8.06405E+00
 3.000E+01 5.22052E+00
 3.500E+01 9.58689E+00
 4.000E+01 3.99730E+01
 4.500E+01 9.03886E+01
 5.000E+01 1.16568E+02
 6.000E+01 1.05258E+02
 7.000E+01 9.65910E+01
 8.000E+01 8.61568E+01
 9.000E+01 7.77826E+01
 1.000E+02 6.87758E+01
