# p +  58Fe: Production of  48Ti - Ground state
# Q-value    =-2.61734E+01 mass=  47.947941
# E-threshold= 2.66285E+01
# # energies =    24
#     E          xs      Branching
 1.00000E+00 0.00000E+00 0.00000E+00
 2.00000E+00 0.00000E+00 0.00000E+00
 3.00000E+00 0.00000E+00 0.00000E+00
 4.00000E+00 0.00000E+00 0.00000E+00
 5.00000E+00 0.00000E+00 0.00000E+00
 6.00000E+00 0.00000E+00 0.00000E+00
 8.00000E+00 0.00000E+00 0.00000E+00
 1.00000E+01 0.00000E+00 0.00000E+00
 1.20000E+01 0.00000E+00 0.00000E+00
 1.40000E+01 0.00000E+00 0.00000E+00
 1.60000E+01 0.00000E+00 0.00000E+00
 1.80000E+01 0.00000E+00 0.00000E+00
 2.00000E+01 0.00000E+00 0.00000E+00
 2.50000E+01 0.00000E+00 0.00000E+00
 3.00000E+01 0.00000E+00 0.00000E+00
 3.50000E+01 0.00000E+00 0.00000E+00
 4.00000E+01 0.00000E+00 0.00000E+00
 4.50000E+01 0.00000E+00 0.00000E+00
 5.00000E+01 0.00000E+00 0.00000E+00
 6.00000E+01 8.52088E-02 9.98066E-01
 7.00000E+01 2.16665E-01 9.93684E-01
 8.00000E+01 2.09685E-01 9.93616E-01
 9.00000E+01 6.09035E-01 9.94860E-01
 1.00000E+02 1.24060E+00 9.94179E-01
