# p +  58Fe: Production of  46Sc - Ground state
# Q-value    =-2.84534E+01 mass=  45.955171
# E-threshold= 2.89481E+01
# # energies = 24
#    E         xs      Branching
 1.000E+00 0.00000E+00  0.00000
 2.000E+00 0.00000E+00  0.00000
 3.000E+00 0.00000E+00  0.00000
 4.000E+00 0.00000E+00  0.00000
 5.000E+00 0.00000E+00  0.00000
 6.000E+00 0.00000E+00  0.00000
 8.000E+00 0.00000E+00  0.00000
 1.000E+01 0.00000E+00  0.00000
 1.200E+01 0.00000E+00  0.00000
 1.400E+01 0.00000E+00  0.00000
 1.600E+01 0.00000E+00  0.00000
 1.800E+01 0.00000E+00  0.00000
 2.000E+01 0.00000E+00  0.00000
 2.500E+01 0.00000E+00  0.00000
 3.000E+01 0.00000E+00  0.00000
 3.500E+01 0.00000E+00  0.00000
 4.000E+01 0.00000E+00  0.00000
 4.500E+01 0.00000E+00  0.00000
 5.000E+01 0.00000E+00  0.00000
 6.000E+01 2.17934E-03  0.83505
 7.000E+01 5.38914E-03  0.82669
 8.000E+01 3.38439E-03  0.82905
 9.000E+01 9.58809E-03  0.83958
 1.000E+02 5.19594E-02  0.82928
