# p +  58Fe: Production of  53Fe - Level 22     3.04040 MeV
# Q-value    =-4.61229E+01 mass=  52.945306
# E-threshold= 4.69249E+01
# # energies =    24
#     E          xs      Branching
 1.00000E+00 0.00000E+00 0.00000E+00
 2.00000E+00 0.00000E+00 0.00000E+00
 3.00000E+00 0.00000E+00 0.00000E+00
 4.00000E+00 0.00000E+00 0.00000E+00
 5.00000E+00 0.00000E+00 0.00000E+00
 6.00000E+00 0.00000E+00 0.00000E+00
 8.00000E+00 0.00000E+00 0.00000E+00
 1.00000E+01 0.00000E+00 0.00000E+00
 1.20000E+01 0.00000E+00 0.00000E+00
 1.40000E+01 0.00000E+00 0.00000E+00
 1.60000E+01 0.00000E+00 0.00000E+00
 1.80000E+01 0.00000E+00 0.00000E+00
 2.00000E+01 0.00000E+00 0.00000E+00
 2.50000E+01 0.00000E+00 0.00000E+00
 3.00000E+01 0.00000E+00 0.00000E+00
 3.50000E+01 0.00000E+00 0.00000E+00
 4.00000E+01 0.00000E+00 0.00000E+00
 4.50000E+01 0.00000E+00 0.00000E+00
 5.00000E+01 2.86959E-05 1.05844E-02
 6.00000E+01 2.24708E-02 5.75668E-02
 7.00000E+01 2.29392E-01 8.36175E-02
 8.00000E+01 2.43994E-01 6.28141E-02
 9.00000E+01 1.95832E-01 4.61298E-02
 1.00000E+02 1.55842E-01 3.82674E-02
