# p +  54Fe: Production of  48Ti - Ground state
# Q-value    =-2.47646E+01 mass=  47.947940
# E-threshold= 2.52271E+01
# # energies =    24
#     E          xs      Branching
 1.00000E+00 0.00000E+00 0.00000E+00
 2.00000E+00 0.00000E+00 0.00000E+00
 3.00000E+00 0.00000E+00 0.00000E+00
 4.00000E+00 0.00000E+00 0.00000E+00
 5.00000E+00 0.00000E+00 0.00000E+00
 6.00000E+00 0.00000E+00 0.00000E+00
 8.00000E+00 0.00000E+00 0.00000E+00
 1.00000E+01 0.00000E+00 0.00000E+00
 1.20000E+01 0.00000E+00 0.00000E+00
 1.40000E+01 0.00000E+00 0.00000E+00
 1.60000E+01 0.00000E+00 0.00000E+00
 1.80000E+01 0.00000E+00 0.00000E+00
 2.00000E+01 0.00000E+00 0.00000E+00
 2.50000E+01 0.00000E+00 0.00000E+00
 3.00000E+01 0.00000E+00 0.00000E+00
 3.50000E+01 0.00000E+00 0.00000E+00
 4.00000E+01 1.10212E-03 1.00000E+00
 4.50000E+01 3.01429E-01 9.99967E-01
 5.00000E+01 1.83817E+00 9.99232E-01
 6.00000E+01 2.12259E+00 9.94571E-01
 7.00000E+01 1.56125E+00 9.94375E-01
 8.00000E+01 2.11382E+00 9.95522E-01
 9.00000E+01 4.39348E+00 9.95737E-01
 1.00000E+02 6.86765E+00 9.95365E-01
