# p +  56Fe: Production of  52Fe - Ground state
# Q-value    =-3.60776E+01 mass=  51.948113
# E-threshold= 3.67273E+01
# # energies =    24
#     E          xs      Branching
 1.00000E+00 0.00000E+00 0.00000E+00
 2.00000E+00 0.00000E+00 0.00000E+00
 3.00000E+00 0.00000E+00 0.00000E+00
 4.00000E+00 0.00000E+00 0.00000E+00
 5.00000E+00 0.00000E+00 0.00000E+00
 6.00000E+00 0.00000E+00 0.00000E+00
 8.00000E+00 0.00000E+00 0.00000E+00
 1.00000E+01 0.00000E+00 0.00000E+00
 1.20000E+01 0.00000E+00 0.00000E+00
 1.40000E+01 0.00000E+00 0.00000E+00
 1.60000E+01 0.00000E+00 0.00000E+00
 1.80000E+01 0.00000E+00 0.00000E+00
 2.00000E+01 0.00000E+00 0.00000E+00
 2.50000E+01 0.00000E+00 0.00000E+00
 3.00000E+01 0.00000E+00 0.00000E+00
 3.50000E+01 0.00000E+00 0.00000E+00
 4.00000E+01 0.00000E+00 0.00000E+00
 4.50000E+01 9.65783E-03 1.00000E+00
 5.00000E+01 5.12719E-02 9.99555E-01
 6.00000E+01 7.84147E-01 9.97849E-01
 7.00000E+01 1.21341E+00 9.95527E-01
 8.00000E+01 1.27584E+00 9.96411E-01
 9.00000E+01 1.16829E+00 9.96799E-01
 1.00000E+02 1.08059E+00 9.97597E-01
