# p +  57Fe: Production of  52Mn - Level  1     0.37775 MeV
# Q-value    =-2.11310E+01 mass=  51.945565
# E-threshold= 2.15049E+01
# # energies = 24
#    E         xs      Branching
 1.000E+00 0.00000E+00  0.00000
 2.000E+00 0.00000E+00  0.00000
 3.000E+00 0.00000E+00  0.00000
 4.000E+00 0.00000E+00  0.00000
 5.000E+00 0.00000E+00  0.00000
 6.000E+00 0.00000E+00  0.00000
 8.000E+00 0.00000E+00  0.00000
 1.000E+01 0.00000E+00  0.00000
 1.200E+01 0.00000E+00  0.00000
 1.400E+01 0.00000E+00  0.00000
 1.600E+01 0.00000E+00  0.00000
 1.800E+01 0.00000E+00  0.00000
 2.000E+01 0.00000E+00  0.00000
 2.500E+01 0.00000E+00  0.00000
 3.000E+01 3.67118E-01  0.24444
 3.500E+01 7.41875E+00  0.40666
 4.000E+01 1.04708E+01  0.42945
 4.500E+01 7.02119E+00  0.41810
 5.000E+01 3.97438E+00  0.39412
 6.000E+01 2.50245E+00  0.35734
 7.000E+01 6.82015E+00  0.33434
 8.000E+01 1.51677E+01  0.40168
 9.000E+01 1.98501E+01  0.45411
 1.000E+02 2.23372E+01  0.45784
