# p +  54Fe: Production of  53Fe - Level 22     3.04040 MeV
# Q-value    =-1.41943E+01 mass=  52.945306
# E-threshold= 1.44593E+01
# # energies = 24
#    E         xs      Branching
 1.000E+00 0.00000E+00  0.00000
 2.000E+00 0.00000E+00  0.00000
 3.000E+00 0.00000E+00  0.00000
 4.000E+00 0.00000E+00  0.00000
 5.000E+00 0.00000E+00  0.00000
 6.000E+00 0.00000E+00  0.00000
 8.000E+00 0.00000E+00  0.00000
 1.000E+01 0.00000E+00  0.00000
 1.200E+01 0.00000E+00  0.00000
 1.400E+01 0.00000E+00  0.00000
 1.600E+01 1.05757E-06  0.00000
 1.800E+01 6.67119E-03  0.00006
 2.000E+01 2.64316E-01  0.00121
 2.500E+01 4.04723E+00  0.01258
 3.000E+01 4.48137E+00  0.01549
 3.500E+01 3.70849E+00  0.01807
 4.000E+01 3.18156E+00  0.01841
 4.500E+01 2.87458E+00  0.01866
 5.000E+01 2.57170E+00  0.01851
 6.000E+01 2.07041E+00  0.01796
 7.000E+01 1.80752E+00  0.01829
 8.000E+01 1.56590E+00  0.01845
 9.000E+01 1.25707E+00  0.01725
 1.000E+02 1.14193E+00  0.01820
