# p +  54Fe: Production of  52Mn - Ground state
# Q-value    =   -13.18925
# E-threshold=    13.43555
# # energies = 24
#    E         xs      Branching
 1.000E+00 0.00000E+00
 2.000E+00 0.00000E+00
 3.000E+00 0.00000E+00
 4.000E+00 0.00000E+00
 5.000E+00 0.00000E+00
 6.000E+00 0.00000E+00
 8.000E+00 0.00000E+00
 1.000E+01 0.00000E+00
 1.200E+01 0.00000E+00
 1.400E+01 0.00000E+00
 1.600E+01 0.00000E+00
 1.800E+01 0.00000E+00
 2.000E+01 2.25144E-03  0.58709
 2.500E+01 3.76060E-01  0.58410
 3.000E+01 3.36263E+01  0.68380
 3.500E+01 1.37538E+02  0.65211
 4.000E+01 1.77407E+02  0.62868
 4.500E+01 1.60843E+02  0.63249
 5.000E+01 1.31051E+02  0.63321
 6.000E+01 1.06324E+02  0.62952
 7.000E+01 9.41874E+01  0.62828
 8.000E+01 8.57678E+01  0.62241
 9.000E+01 7.62414E+01  0.62019
 1.000E+02 6.11077E+01  0.57348
