# p +  58Fe: Production of  58Co - Level  1
# Q-value    =    -3.11485
# E-threshold=     3.16901
# # energies = 24
#    E         xs      Branching
 1.000E+00 0.00000E+00
 2.000E+00 0.00000E+00
 3.000E+00 0.00000E+00
 4.000E+00 6.03080E+00  0.04699
 5.000E+00 2.61615E+01  0.07826
 6.000E+00 3.92880E+01  0.08148
 8.000E+00 6.84764E+01  0.10859
 1.000E+01 1.01646E+02  0.14113
 1.200E+01 1.29134E+02  0.17124
 1.400E+01 8.57936E+01  0.20431
 1.600E+01 4.59471E+01  0.23059
 1.800E+01 2.70507E+01  0.24650
 2.000E+01 1.91921E+01  0.25622
 2.500E+01 1.36023E+01  0.27780
 3.000E+01 1.09562E+01  0.29416
 3.500E+01 8.77395E+00  0.30434
 4.000E+01 6.89616E+00  0.31216
 4.500E+01 5.58498E+00  0.31577
 5.000E+01 4.77280E+00  0.31923
 6.000E+01 3.51305E+00  0.32924
 7.000E+01 2.59538E+00  0.33661
 8.000E+01 2.19087E+00  0.33034
 9.000E+01 1.07539E+00  0.24663
 1.000E+02 8.62771E-01  0.23664
