# p +  57Fe: Production of  46Sc - Ground state
# Q-value    =-1.84088E+01 mass=  45.955171
# E-threshold= 1.87345E+01
# # energies = 24
#    E         xs      Branching
 1.000E+00 0.00000E+00  0.00000
 2.000E+00 0.00000E+00  0.00000
 3.000E+00 0.00000E+00  0.00000
 4.000E+00 0.00000E+00  0.00000
 5.000E+00 0.00000E+00  0.00000
 6.000E+00 0.00000E+00  0.00000
 8.000E+00 0.00000E+00  0.00000
 1.000E+01 0.00000E+00  0.00000
 1.200E+01 0.00000E+00  0.00000
 1.400E+01 0.00000E+00  0.00000
 1.600E+01 0.00000E+00  0.00000
 1.800E+01 0.00000E+00  0.00000
 2.000E+01 0.00000E+00  0.00000
 2.500E+01 0.00000E+00  0.00000
 3.000E+01 0.00000E+00  0.00000
 3.500E+01 0.00000E+00  0.00000
 4.000E+01 0.00000E+00  0.00000
 4.500E+01 0.00000E+00  0.00000
 5.000E+01 3.52762E-03  0.82963
 6.000E+01 4.14290E-03  0.82235
 7.000E+01 2.13550E-03  0.83323
 8.000E+01 1.35932E-02  0.84761
 9.000E+01 5.78735E-02  0.83659
 1.000E+02 1.44367E-01  0.82681
