# p +  57Fe Total cross sections
# 
# 
# # energies =    24
#     E      Non-elastic    Elastic     Total     Comp. el.   Shape el.   Reaction   Comp. nonel   Direct    Pre-equil.  Dir. Capt.
 1.00000E+00 3.01607E-03 6.75671E-05 0.00000E+00 6.75671E-05 0.00000E+00 3.08364E-03 3.01607E-03 1.43234E-13 0.00000E+00 0.00000E+00
 2.00000E+00 1.75497E+00 9.35474E-01 0.00000E+00 9.35474E-01 0.00000E+00 2.69044E+00 1.75494E+00 2.35449E-05 0.00000E+00 0.00000E+00
 3.00000E+00 3.02160E+01 1.55191E+01 0.00000E+00 1.55191E+01 0.00000E+00 4.57351E+01 2.99048E+01 3.10982E-01 2.07411E-04 0.00000E+00
 4.00000E+00 1.66457E+02 2.34959E+01 0.00000E+00 2.34959E+01 0.00000E+00 1.89953E+02 1.62953E+02 3.50278E+00 1.45122E-03 0.00000E+00
 5.00000E+00 3.59730E+02 2.21430E+01 0.00000E+00 2.21430E+01 0.00000E+00 3.81873E+02 3.45673E+02 1.33826E+01 6.73180E-01 0.00000E+00
 6.00000E+00 5.27754E+02 1.65557E+01 0.00000E+00 1.65557E+01 0.00000E+00 5.44310E+02 4.98852E+02 2.56939E+01 3.14518E+00 0.00000E+00
 8.00000E+00 7.17126E+02 5.88277E+00 0.00000E+00 5.88277E+00 0.00000E+00 7.23009E+02 6.61213E+02 3.80399E+01 1.64701E+01 0.00000E+00
 1.00000E+01 8.49678E+02 1.74552E+00 0.00000E+00 1.74552E+00 0.00000E+00 8.51424E+02 7.55960E+02 4.37973E+01 4.61718E+01 0.00000E+00
 1.20000E+01 9.48871E+02 3.07176E-01 0.00000E+00 3.07176E-01 0.00000E+00 9.49178E+02 8.01130E+02 4.87187E+01 9.17760E+01 0.00000E+00
 1.40000E+01 1.01393E+03 8.34502E-02 0.00000E+00 8.34502E-02 0.00000E+00 1.01401E+03 8.01302E+02 5.09720E+01 1.47816E+02 0.00000E+00
 1.60000E+01 1.06042E+03 2.19431E-02 0.00000E+00 2.19431E-02 0.00000E+00 1.06044E+03 7.80058E+02 5.04115E+01 2.11854E+02 0.00000E+00
 1.80000E+01 1.08839E+03 5.64604E-03 0.00000E+00 5.64604E-03 0.00000E+00 1.08840E+03 7.41175E+02 4.86127E+01 2.78609E+02 0.00000E+00
 2.00000E+01 1.10246E+03 1.44431E-03 0.00000E+00 1.44431E-03 0.00000E+00 1.10246E+03 6.91955E+02 4.61938E+01 3.43169E+02 0.00000E+00
 2.50000E+01 1.11915E+03 5.53282E-05 0.00000E+00 5.53282E-05 0.00000E+00 1.11915E+03 5.64915E+02 4.07976E+01 4.89014E+02 0.00000E+00
 3.00000E+01 1.11076E+03 2.73473E-06 0.00000E+00 2.73473E-06 0.00000E+00 1.11076E+03 4.40863E+02 3.63355E+01 6.05903E+02 0.00000E+00
 3.50000E+01 1.08628E+03 2.50044E-07 0.00000E+00 2.50044E-07 0.00000E+00 1.08628E+03 3.34519E+02 3.28701E+01 6.88260E+02 0.00000E+00
 4.00000E+01 1.05794E+03 1.10089E-07 0.00000E+00 1.10089E-07 0.00000E+00 1.05794E+03 2.50209E+02 3.02749E+01 7.43852E+02 0.00000E+00
 4.50000E+01 1.02749E+03 1.00775E-07 0.00000E+00 1.00775E-07 0.00000E+00 1.02749E+03 1.84640E+02 2.83553E+01 7.78787E+02 0.00000E+00
 5.00000E+01 9.97197E+02 1.00068E-07 0.00000E+00 1.00068E-07 0.00000E+00 9.97197E+02 1.35752E+02 2.56447E+01 7.99201E+02 0.00000E+00
 6.00000E+01 9.41087E+02 1.00001E-07 0.00000E+00 1.00001E-07 0.00000E+00 9.41087E+02 6.53681E+01 2.17959E+01 8.19016E+02 0.00000E+00
 7.00000E+01 8.92627E+02 1.00000E-07 0.00000E+00 1.00000E-07 0.00000E+00 8.92627E+02 1.93760E+01 1.82176E+01 8.23994E+02 0.00000E+00
 8.00000E+01 8.51755E+02 9.83159E-08 0.00000E+00 9.83159E-08 0.00000E+00 8.51755E+02 0.00000E+00 1.51272E+01 8.10043E+02 0.00000E+00
 9.00000E+01 8.17522E+02 9.57698E-08 0.00000E+00 9.57698E-08 0.00000E+00 8.17522E+02 0.00000E+00 1.24922E+01 7.82749E+02 0.00000E+00
 1.00000E+02 7.88782E+02 9.36385E-08 0.00000E+00 9.36385E-08 0.00000E+00 7.88782E+02 0.00000E+00 1.02955E+01 7.60055E+02 0.00000E+00
