# p +  58Fe Total cross sections
# 
# 
# # energies = 24
#    E      Non-elastic  Elastic     Total     Comp. el.  Shape el.  Reaction Comp. nonel   Direct   Pre-equil.
 1.000E+00   3.2230E-03 1.1687E-04 0.0000E+00 1.1687E-04 0.0000E+00 3.3399E-03 3.2230E-03 1.1379E-25 0.0000E+00
 2.000E+00   4.7189E-01 2.5279E+00 0.0000E+00 2.5279E+00 0.0000E+00 2.9998E+00 4.7189E-01 2.1364E-06 0.0000E+00
 3.000E+00   9.3553E+00 4.1641E+01 0.0000E+00 4.1641E+01 0.0000E+00 5.0996E+01 9.3395E+00 1.5781E-02 0.0000E+00
 4.000E+00   1.6271E+02 3.9775E+01 0.0000E+00 3.9775E+01 0.0000E+00 2.0249E+02 1.6169E+02 1.0193E+00 0.0000E+00
 5.000E+00   3.7596E+02 1.5565E+01 0.0000E+00 1.5565E+01 0.0000E+00 3.9153E+02 3.6778E+02 7.6524E+00 5.3082E-01
 6.000E+00   5.3945E+02 7.2987E+00 0.0000E+00 7.2987E+00 0.0000E+00 5.4674E+02 5.1733E+02 1.8614E+01 3.4969E+00
 8.000E+00   7.2530E+02 1.8531E+00 0.0000E+00 1.8531E+00 0.0000E+00 7.2715E+02 6.6923E+02 3.5493E+01 1.9256E+01
 1.000E+01   8.6463E+02 5.0193E-01 0.0000E+00 5.0193E-01 0.0000E+00 8.6514E+02 7.5648E+02 5.0071E+01 5.2609E+01
 1.200E+01   9.6395E+02 1.3936E-01 0.0000E+00 1.3936E-01 0.0000E+00 9.6409E+02 7.9762E+02 5.9628E+01 9.7771E+01
 1.400E+01   1.0285E+03 3.7080E-02 0.0000E+00 3.7080E-02 0.0000E+00 1.0286E+03 8.0086E+02 6.4734E+01 1.5097E+02
 1.600E+01   1.0736E+03 9.6370E-03 0.0000E+00 9.6370E-03 0.0000E+00 1.0736E+03 7.8198E+02 6.6052E+01 2.1168E+02
 1.800E+01   1.1004E+03 2.4516E-03 0.0000E+00 2.4516E-03 0.0000E+00 1.1004E+03 7.4445E+02 6.5652E+01 2.7528E+02
 2.000E+01   1.1152E+03 6.2695E-04 0.0000E+00 6.2695E-04 0.0000E+00 1.1152E+03 6.9596E+02 6.4567E+01 3.3868E+02
 2.500E+01   1.1350E+03 2.4753E-05 0.0000E+00 2.4753E-05 0.0000E+00 1.1350E+03 5.6910E+02 6.2774E+01 4.8380E+02
 3.000E+01   1.1261E+03 1.3096E-06 0.0000E+00 1.3096E-06 0.0000E+00 1.1261E+03 4.4701E+02 6.0672E+01 5.9569E+02
 3.500E+01   1.1021E+03 1.7166E-07 0.0000E+00 1.7166E-07 0.0000E+00 1.1021E+03 3.4460E+02 5.8154E+01 6.7352E+02
 4.000E+01   1.0738E+03 1.0506E-07 0.0000E+00 1.0506E-07 0.0000E+00 1.0738E+03 2.6345E+02 5.5602E+01 7.2608E+02
 4.500E+01   1.0431E+03 1.0041E-07 0.0000E+00 1.0041E-07 0.0000E+00 1.0431E+03 2.0199E+02 5.2693E+01 7.5757E+02
 5.000E+01   1.0125E+03 1.0004E-07 0.0000E+00 1.0004E-07 0.0000E+00 1.0125E+03 1.5298E+02 4.9906E+01 7.7774E+02
 6.000E+01   9.5564E+02 1.0000E-07 0.0000E+00 1.0000E-07 0.0000E+00 9.5564E+02 8.6513E+01 4.3061E+01 7.9538E+02
 7.000E+01   9.0634E+02 1.0000E-07 0.0000E+00 1.0000E-07 0.0000E+00 9.0634E+02 4.2678E+01 3.6402E+01 7.9984E+02
 8.000E+01   8.6469E+02 1.0000E-07 0.0000E+00 1.0000E-07 0.0000E+00 8.6469E+02 1.1943E+01 3.0441E+01 7.9874E+02
 9.000E+01   8.2976E+02 9.9285E-08 0.0000E+00 9.9285E-08 0.0000E+00 8.2976E+02 0.0000E+00 2.5046E+01 7.8492E+02
 1.000E+02   8.0042E+02 9.7509E-08 0.0000E+00 9.7509E-08 0.0000E+00 8.0042E+02 0.0000E+00 2.0568E+01 7.6345E+02
