# p +  57Fe Total cross sections
# 
# 
# # energies = 24
#    E      Cross section
 1.000E+00   0.0000E+00
 2.000E+00   0.0000E+00
 3.000E+00   0.0000E+00
 4.000E+00   0.0000E+00
 5.000E+00   0.0000E+00
 6.000E+00   0.0000E+00
 8.000E+00   0.0000E+00
 1.000E+01   0.0000E+00
 1.200E+01   0.0000E+00
 1.400E+01   0.0000E+00
 1.600E+01   0.0000E+00
 1.800E+01   0.0000E+00
 2.000E+01   0.0000E+00
 2.500E+01   0.0000E+00
 3.000E+01   0.0000E+00
 3.500E+01   0.0000E+00
 4.000E+01   0.0000E+00
 4.500E+01   0.0000E+00
 5.000E+01   0.0000E+00
 6.000E+01   0.0000E+00
 7.000E+01   0.0000E+00
 8.000E+01   0.0000E+00
 9.000E+01   0.0000E+00
 1.000E+02   0.0000E+00
