# p +  54Fe Total cross sections
# 
# 
# # energies =    24
#     E      Non-elastic    Elastic     Total     Comp. el.   Shape el.   Reaction   Comp. nonel   Direct    Pre-equil.  Dir. Capt.
 1.00000E+00 7.36366E-04 2.02057E-03 0.00000E+00 2.02057E-03 0.00000E+00 2.75694E-03 7.36366E-04 0.00000E+00 0.00000E+00 0.00000E+00
 2.00000E+00 1.74134E-02 1.99252E+00 0.00000E+00 1.99252E+00 0.00000E+00 2.00993E+00 1.74134E-02 2.80116E-11 0.00000E+00 0.00000E+00
 3.00000E+00 4.61178E-01 3.04647E+01 0.00000E+00 3.04647E+01 0.00000E+00 3.09259E+01 4.60964E-01 2.13210E-04 0.00000E+00 0.00000E+00
 4.00000E+00 1.24495E+01 1.22843E+02 0.00000E+00 1.22843E+02 0.00000E+00 1.35293E+02 1.23908E+01 5.87522E-02 0.00000E+00 0.00000E+00
 5.00000E+00 7.15880E+01 2.36037E+02 0.00000E+00 2.36037E+02 0.00000E+00 3.07625E+02 7.03977E+01 1.19026E+00 0.00000E+00 0.00000E+00
 6.00000E+00 2.13624E+02 2.74325E+02 0.00000E+00 2.74325E+02 0.00000E+00 4.87949E+02 2.07238E+02 6.38504E+00 1.47950E-03 0.00000E+00
 8.00000E+00 5.59154E+02 1.36093E+02 0.00000E+00 1.36093E+02 0.00000E+00 6.95247E+02 5.33823E+02 2.52121E+01 1.11426E-01 0.00000E+00
 1.00000E+01 7.74901E+02 1.82456E+01 0.00000E+00 1.82456E+01 0.00000E+00 7.93147E+02 7.29635E+02 4.06735E+01 4.37737E+00 0.00000E+00
 1.20000E+01 8.73635E+02 4.43861E+00 0.00000E+00 4.43861E+00 0.00000E+00 8.78074E+02 7.96514E+02 5.28633E+01 2.29457E+01 0.00000E+00
 1.40000E+01 9.38609E+02 1.16153E+00 0.00000E+00 1.16153E+00 0.00000E+00 9.39770E+02 8.15201E+02 6.01292E+01 5.87400E+01 0.00000E+00
 1.60000E+01 9.85634E+02 3.29861E-01 0.00000E+00 3.29861E-01 0.00000E+00 9.85964E+02 8.07858E+02 6.48782E+01 1.05412E+02 0.00000E+00
 1.80000E+01 1.01977E+03 9.66022E-02 0.00000E+00 9.66022E-02 0.00000E+00 1.01987E+03 7.82739E+02 6.87723E+01 1.59283E+02 0.00000E+00
 2.00000E+01 1.03610E+03 2.76467E-02 0.00000E+00 2.76467E-02 0.00000E+00 1.03613E+03 7.39799E+02 7.19957E+01 2.14566E+02 0.00000E+00
 2.50000E+01 1.03861E+03 1.09566E-03 0.00000E+00 1.09566E-03 0.00000E+00 1.03861E+03 5.99884E+02 7.47575E+01 3.51572E+02 0.00000E+00
 3.00000E+01 1.02904E+03 4.76395E-05 0.00000E+00 4.76395E-05 0.00000E+00 1.02904E+03 4.70564E+02 7.37787E+01 4.68772E+02 0.00000E+00
 3.50000E+01 1.00401E+03 2.50124E-06 0.00000E+00 2.50124E-06 0.00000E+00 1.00401E+03 3.59433E+02 7.02116E+01 5.55619E+02 0.00000E+00
 4.00000E+01 9.74585E+02 2.44500E-07 0.00000E+00 2.44500E-07 0.00000E+00 9.74585E+02 2.69589E+02 6.58902E+01 6.17039E+02 0.00000E+00
 4.50000E+01 9.45048E+02 1.10183E-07 0.00000E+00 1.10183E-07 0.00000E+00 9.45048E+02 1.99606E+02 6.14820E+01 6.59341E+02 0.00000E+00
 5.00000E+01 9.16266E+02 1.00816E-07 0.00000E+00 1.00816E-07 0.00000E+00 9.16266E+02 1.46246E+02 5.67825E+01 6.87480E+02 0.00000E+00
 6.00000E+01 8.64161E+02 1.00007E-07 0.00000E+00 1.00007E-07 0.00000E+00 8.64161E+02 7.22858E+01 4.82431E+01 7.18611E+02 0.00000E+00
 7.00000E+01 8.20328E+02 1.00000E-07 0.00000E+00 1.00000E-07 0.00000E+00 8.20328E+02 2.47410E+01 3.99712E+01 7.33355E+02 0.00000E+00
 8.00000E+01 7.84072E+02 9.87323E-08 0.00000E+00 9.87323E-08 0.00000E+00 7.84072E+02 0.00000E+00 3.28988E+01 7.32145E+02 0.00000E+00
 9.00000E+01 7.54064E+02 9.57617E-08 0.00000E+00 9.57617E-08 0.00000E+00 7.54064E+02 4.67261E-06 2.66511E+01 7.11470E+02 0.00000E+00
 1.00000E+02 7.29134E+02 9.32975E-08 0.00000E+00 9.32975E-08 0.00000E+00 7.29134E+02 1.13508E-05 2.17412E+01 6.94173E+02 0.00000E+00
