# p +  56Fe Total cross sections
# 
# 
# # energies =    24
#     E      Non-elastic    Elastic     Total     Comp. el.   Shape el.   Reaction   Comp. nonel   Direct    Pre-equil.  Dir. Capt.
 1.00000E+00 2.52779E-03 7.72281E-04 0.00000E+00 7.72281E-04 0.00000E+00 3.30007E-03 2.52779E-03 2.48516E-29 0.00000E+00 0.00000E+00
 2.00000E+00 1.26992E-01 2.41603E+00 0.00000E+00 2.41603E+00 0.00000E+00 2.54302E+00 1.26992E-01 6.22890E-07 0.00000E+00 0.00000E+00
 3.00000E+00 3.98692E+00 3.52414E+01 0.00000E+00 3.52414E+01 0.00000E+00 3.92283E+01 3.98196E+00 4.95843E-03 0.00000E+00 0.00000E+00
 4.00000E+00 3.49349E+01 1.27021E+02 0.00000E+00 1.27021E+02 0.00000E+00 1.61956E+02 3.45814E+01 3.53508E-01 0.00000E+00 0.00000E+00
 5.00000E+00 1.27238E+02 2.16052E+02 0.00000E+00 2.16052E+02 0.00000E+00 3.43290E+02 1.23757E+02 3.48037E+00 0.00000E+00 0.00000E+00
 6.00000E+00 3.19609E+02 1.97067E+02 0.00000E+00 1.97067E+02 0.00000E+00 5.16676E+02 3.08489E+02 1.11150E+01 5.15658E-03 0.00000E+00
 8.00000E+00 6.72229E+02 4.46801E+01 0.00000E+00 4.46801E+01 0.00000E+00 7.16909E+02 6.43573E+02 2.70222E+01 1.59513E+00 0.00000E+00
 1.00000E+01 8.21443E+02 1.03533E+01 0.00000E+00 1.03533E+01 0.00000E+00 8.31796E+02 7.65180E+02 3.52278E+01 2.07140E+01 0.00000E+00
 1.20000E+01 9.21760E+02 1.31270E+00 0.00000E+00 1.31270E+00 0.00000E+00 9.23073E+02 8.20836E+02 4.01338E+01 5.88658E+01 0.00000E+00
 1.40000E+01 9.85398E+02 3.48669E-01 0.00000E+00 3.48669E-01 0.00000E+00 9.85747E+02 8.26581E+02 4.29596E+01 1.08918E+02 0.00000E+00
 1.60000E+01 1.03234E+03 9.32786E-02 0.00000E+00 9.32786E-02 0.00000E+00 1.03243E+03 8.07836E+02 4.53151E+01 1.68024E+02 0.00000E+00
 1.80000E+01 1.06350E+03 2.48662E-02 0.00000E+00 2.48662E-02 0.00000E+00 1.06352E+03 7.72193E+02 4.60346E+01 2.32021E+02 0.00000E+00
 2.00000E+01 1.07767E+03 6.43118E-03 0.00000E+00 6.43118E-03 0.00000E+00 1.07768E+03 7.22033E+02 4.54366E+01 2.95762E+02 0.00000E+00
 2.50000E+01 1.08517E+03 2.22067E-04 0.00000E+00 2.22067E-04 0.00000E+00 1.08517E+03 5.83291E+02 4.20784E+01 4.42102E+02 0.00000E+00
 3.00000E+01 1.07675E+03 9.47834E-06 0.00000E+00 9.47834E-06 0.00000E+00 1.07675E+03 4.53252E+02 3.98366E+01 5.62486E+02 0.00000E+00
 3.50000E+01 1.05175E+03 5.72264E-07 0.00000E+00 5.72264E-07 0.00000E+00 1.05175E+03 3.40680E+02 3.71860E+01 6.49888E+02 0.00000E+00
 4.00000E+01 1.02283E+03 1.28634E-07 0.00000E+00 1.28634E-07 0.00000E+00 1.02283E+03 2.52854E+02 3.49261E+01 7.07965E+02 0.00000E+00
 4.50000E+01 9.92970E+02 1.02027E-07 0.00000E+00 1.02027E-07 0.00000E+00 9.92970E+02 1.85794E+02 3.22846E+01 7.45630E+02 0.00000E+00
 5.00000E+01 9.63455E+02 1.00165E-07 0.00000E+00 1.00165E-07 0.00000E+00 9.63455E+02 1.36495E+02 2.93893E+01 7.67378E+02 0.00000E+00
 6.00000E+01 9.09218E+02 1.00001E-07 0.00000E+00 1.00001E-07 0.00000E+00 9.09218E+02 6.59176E+01 2.49158E+01 7.89389E+02 0.00000E+00
 7.00000E+01 8.62733E+02 1.00000E-07 0.00000E+00 1.00000E-07 0.00000E+00 8.62733E+02 1.99756E+01 2.09701E+01 7.95954E+02 0.00000E+00
 8.00000E+01 8.23654E+02 9.83709E-08 0.00000E+00 9.83709E-08 0.00000E+00 8.23654E+02 0.00000E+00 1.75707E+01 7.83903E+02 0.00000E+00
 9.00000E+01 7.90964E+02 9.57381E-08 0.00000E+00 9.57381E-08 0.00000E+00 7.90964E+02 0.00000E+00 1.45345E+01 7.57755E+02 0.00000E+00
 1.00000E+02 7.63525E+02 9.35655E-08 0.00000E+00 9.35655E-08 0.00000E+00 7.63525E+02 4.37755E-05 1.19346E+01 7.36030E+02 0.00000E+00
