# p +  57Fe Total triton   production
# Q-value    =-1.03615E+01
# 
# # energies = 24
#    E         xs         Yield
 1.000E+00 0.00000E+00 0.00000E+00
 2.000E+00 0.00000E+00 0.00000E+00
 3.000E+00 0.00000E+00 0.00000E+00
 4.000E+00 0.00000E+00 0.00000E+00
 5.000E+00 0.00000E+00 0.00000E+00
 6.000E+00 0.00000E+00 0.00000E+00
 8.000E+00 0.00000E+00 0.00000E+00
 1.000E+01 0.00000E+00 0.00000E+00
 1.200E+01 4.44184E-07 4.67966E-10
 1.400E+01 1.16354E-02 1.14748E-05
 1.600E+01 1.61853E-01 1.52633E-04
 1.800E+01 5.50338E-01 5.05640E-04
 2.000E+01 1.15893E+00 1.05118E-03
 2.500E+01 3.13627E+00 2.80249E-03
 3.000E+01 5.23231E+00 4.71040E-03
 3.500E+01 7.11151E+00 6.54654E-03
 4.000E+01 8.71352E+00 8.23661E-03
 4.500E+01 9.97641E+00 9.70940E-03
 5.000E+01 1.10336E+01 1.10645E-02
 6.000E+01 1.30218E+01 1.38370E-02
 7.000E+01 1.51600E+01 1.69835E-02
 8.000E+01 1.76160E+01 2.06819E-02
 9.000E+01 2.05569E+01 2.51455E-02
 1.000E+02 2.41149E+01 3.05725E-02
