# p +  54Fe Total triton   production
# Q-value    =-1.55850E+01
# 
# # energies =    24
#    E         xs         Yield
 1.00000E+00 0.00000E+00 0.00000E+00
 2.00000E+00 0.00000E+00 0.00000E+00
 3.00000E+00 0.00000E+00 0.00000E+00
 4.00000E+00 0.00000E+00 0.00000E+00
 5.00000E+00 0.00000E+00 0.00000E+00
 6.00000E+00 0.00000E+00 0.00000E+00
 8.00000E+00 0.00000E+00 0.00000E+00
 1.00000E+01 0.00000E+00 0.00000E+00
 1.20000E+01 0.00000E+00 0.00000E+00
 1.40000E+01 0.00000E+00 0.00000E+00
 1.60000E+01 0.00000E+00 0.00000E+00
 1.80000E+01 1.67507E-05 1.64260E-08
 2.00000E+01 8.42834E-03 8.13466E-06
 2.50000E+01 6.25679E-02 6.02421E-05
 3.00000E+01 3.30548E-01 3.21220E-04
 3.50000E+01 1.03016E+00 1.02605E-03
 4.00000E+01 1.78276E+00 1.82925E-03
 4.50000E+01 2.56646E+00 2.71570E-03
 5.00000E+01 3.32593E+00 3.62988E-03
 6.00000E+01 4.76626E+00 5.51548E-03
 7.00000E+01 6.21661E+00 7.57820E-03
 8.00000E+01 7.71369E+00 9.83798E-03
 9.00000E+01 9.45141E+00 1.25340E-02
 1.00000E+02 1.15826E+01 1.58854E-02
