# p +  58Fe Total triton   production
# Q-value    =-9.20887E+00
# 
# # energies = 24
#    E         xs         Yield
 1.000E+00 0.00000E+00 0.00000E+00
 2.000E+00 0.00000E+00 0.00000E+00
 3.000E+00 0.00000E+00 0.00000E+00
 4.000E+00 0.00000E+00 0.00000E+00
 5.000E+00 0.00000E+00 0.00000E+00
 6.000E+00 0.00000E+00 0.00000E+00
 8.000E+00 0.00000E+00 0.00000E+00
 1.000E+01 1.95172E-16 2.25882E-19
 1.200E+01 6.93203E-04 7.19130E-07
 1.400E+01 4.51497E-02 4.38980E-05
 1.600E+01 1.31460E-01 1.22446E-04
 1.800E+01 2.83697E-01 2.57802E-04
 2.000E+01 5.15054E-01 4.61866E-04
 2.500E+01 1.68481E+00 1.48440E-03
 3.000E+01 3.30924E+00 2.93865E-03
 3.500E+01 4.90714E+00 4.45274E-03
 4.000E+01 6.30988E+00 5.87622E-03
 4.500E+01 7.47731E+00 7.16836E-03
 5.000E+01 8.39698E+00 8.29323E-03
 6.000E+01 1.00079E+01 1.04726E-02
 7.000E+01 1.14767E+01 1.26626E-02
 8.000E+01 1.31800E+01 1.52425E-02
 9.000E+01 1.54322E+01 1.85984E-02
 1.000E+02 1.82962E+01 2.28582E-02
