# p +  56Fe Total triton   production
# Q-value    =-1.20137E+01
# 
# # energies = 24
#    E         xs         Yield
 1.000E+00 0.00000E+00 0.00000E+00
 2.000E+00 0.00000E+00 0.00000E+00
 3.000E+00 0.00000E+00 0.00000E+00
 4.000E+00 0.00000E+00 0.00000E+00
 5.000E+00 0.00000E+00 0.00000E+00
 6.000E+00 0.00000E+00 0.00000E+00
 8.000E+00 0.00000E+00 0.00000E+00
 1.000E+01 0.00000E+00 0.00000E+00
 1.200E+01 0.00000E+00 0.00000E+00
 1.400E+01 5.42230E-06 5.50071E-09
 1.600E+01 1.03689E-02 1.00432E-05
 1.800E+01 5.76508E-02 5.42075E-05
 2.000E+01 1.53854E-01 1.42764E-04
 2.500E+01 5.62518E-01 5.18368E-04
 3.000E+01 1.45490E+00 1.35120E-03
 3.500E+01 2.57452E+00 2.44784E-03
 4.000E+01 3.68261E+00 3.60042E-03
 4.500E+01 4.75632E+00 4.78999E-03
 5.000E+01 5.68739E+00 5.90312E-03
 6.000E+01 7.29935E+00 8.02817E-03
 7.000E+01 8.91213E+00 1.03301E-02
 8.000E+01 1.06773E+01 1.29633E-02
 9.000E+01 1.26972E+01 1.60528E-02
 1.000E+02 1.51495E+01 1.98415E-02
