          0        700          2 293.160004  39-Y -89   
 1.00000E-5 .500000000 109.908077 46.0301326 63.8695237
            .500000000 109.908077 46.0301326 63.8695237
 1.04713E-5 .500000000 107.443905 45.0122627 62.4232353
            .500000000 107.443905 45.0122627 62.4232353
 1.09648E-5 .500000000 105.000370 44.0037337 60.9887998
            .500000000 105.000370 44.0037337 60.9887998
 1.14815E-5 .500000000 102.666287 43.0402337 59.6181666
            .500000000 102.666287 43.0402337 59.6181666
 1.20226E-5 .500000000 100.319471 42.0720887 58.2398528
            .500000000 100.319471 42.0720887 58.2398528
 1.25893E-5 .500000000 98.1030220 41.1579527 56.9375818
            .500000000 98.1030220 41.1579527 56.9375818
 1.31826E-5 .500000000 95.8548912 40.2311343 55.6165281
            .500000000 95.8548912 40.2311343 55.6165281
 1.38038E-5 .500000000 93.7448540 39.3617010 54.3760452
            .500000000 93.7448540 39.3617010 54.3760452
 1.44544E-5 .500000000 91.5966850 38.4767553 53.1129879
            .500000000 91.5966850 38.4767553 53.1129879
 1.51356E-5 .500000000 89.5829344 37.6478279 51.9283581
            .500000000 89.5829344 37.6478279 51.9283581
 1.58489E-5 .500000000 87.5353735 36.8050424 50.7236657
            .500000000 87.5353735 36.8050424 50.7236657
 1.65959E-5 .500000000 85.6087996 36.0128408 49.5895453
            .500000000 85.6087996 36.0128408 49.5895453
 1.73780E-5 .500000000 83.6619459 35.2122668 48.4432673
            .500000000 83.6619459 35.2122668 48.4432673
 1.81970E-5 .500000000 81.8143327 34.4534054 47.3548331
            .500000000 81.8143327 34.4534054 47.3548331
 1.90546E-5 .500000000 79.9677652 33.6949184 46.2667159
            .500000000 79.9677652 33.6949184 46.2667159
 1.99526E-5 .500000000 78.1917700 32.9685516 45.2196527
            .500000000 78.1917700 32.9685516 45.2196527
 2.08930E-5 .500000000 76.4446868 32.2555595 44.1891273
            .500000000 76.4446868 32.2555595 44.1891273
 2.18776E-5 .500000000 74.7338846 31.5466505 43.1797488
            .500000000 74.7338846 31.5466505 43.1797488
 2.29087E-5 .500000000 73.0830434 30.8787698 42.2042736
            .500000000 73.0830434 30.8787698 42.2042736
 2.39883E-5 .500000000 71.4363524 30.1966047 41.2325658
            .500000000 71.4363524 30.1966047 41.2325658
 2.51189E-5 .500000000 69.8711082 29.5632939 40.3074534
            .500000000 69.8711082 29.5632939 40.3074534
 2.63027E-5 .500000000 68.2929311 28.9152523 39.3744243
            .500000000 68.2929311 28.9152523 39.3744243
 2.75423E-5 .500000000 66.8064515 28.3070523 38.4948362
            .500000000 66.8064515 28.3070523 38.4948362
 2.88403E-5 .500000000 65.3002293 27.6990381 37.6011912
            .500000000 65.3002293 27.6990381 37.6011912
 3.01995E-5 .500000000 63.8814241 27.1078525 36.7627388
            .500000000 63.8814241 27.1078525 36.7627388
 3.16228E-5 .500000000 62.4492942 26.5403938 35.9089004
            .500000000 62.4492942 26.5403938 35.9089004
 3.31131E-5 .500000000 61.0900642 25.9679075 35.1076403
            .500000000 61.0900642 25.9679075 35.1076403
 3.46737E-5 .500000000 59.7280955 25.4342941 34.2938014
            .500000000 59.7280955 25.4342941 34.2938014
 3.63078E-5 .500000000 58.4266759 24.8871676 33.5261743
            .500000000 58.4266759 24.8871676 33.5261743
 3.80189E-5 .500000000 57.1311165 24.3788103 32.7523062
            .500000000 57.1311165 24.3788103 32.7523062
 3.98107E-5 .500000000 55.8858015 23.8626098 32.0151131
            .500000000 55.8858015 23.8626098 32.0151131
 4.16869E-5 .500000000 54.6532607 23.3722579 31.2810028
            .500000000 54.6532607 23.3722579 31.2810028
 4.36516E-5 .500000000 53.4622262 22.8905251 30.5713705
            .500000000 53.4622262 22.8905251 30.5713705
 4.57088E-5 .500000000 52.2972243 22.4137439 29.8763798
            .500000000 52.2972243 22.4137439 29.8763798
 4.78630E-5 .500000000 51.1563178 21.9640674 29.1922504
            .500000000 51.1563178 21.9640674 29.1922504
 5.01187E-5 .500000000 50.0506236 21.5057676 28.5341918
            .500000000 50.0506236 21.5057676 28.5341918
 5.24807E-5 .500000000 48.9572064 21.0811313 27.8760751
            .500000000 48.9572064 21.0811313 27.8760751
 5.49541E-5 .500000000 47.9154105 20.6463608 27.2515503
            .500000000 47.9154105 20.6463608 27.2515503
 5.75440E-5 .500000000 46.8602304 20.2401555 26.6200749
            .500000000 46.8602304 20.2401555 26.6200749
 6.02560E-5 .500000000 45.8709341 19.8330761 26.0258558
            .500000000 45.8709341 19.8330761 26.0258558
 6.30957E-5 .500000000 44.8644511 19.4397729 25.4214479
            .500000000 44.8644511 19.4397729 25.4214479
 6.60693E-5 .500000000 43.9181624 19.0612647 24.8546218
            .500000000 43.9181624 19.0612647 24.8546218
 6.91831E-5 .500000000 42.9742840 18.6809282 24.2775280
            .500000000 42.9742840 18.6809282 24.2775280
 7.24436E-5 .500000000 42.0623049 18.3268393 23.7354655
            .500000000 42.0623049 18.3268393 23.7354655
 7.58578E-5 .500000000 41.1724615 17.9641773 23.1857701
            .500000000 41.1724615 17.9641773 23.1857701
 7.94328E-5 .500000000 40.2947266 17.6286198 22.6661069
            .500000000 40.2947266 17.6286198 22.6661069
 8.31764E-5 .500000000 39.4518495 17.2874173 22.1437559
            .500000000 39.4518495 17.2874173 22.1437559
 8.70964E-5 .500000000 38.6096979 16.9653332 21.6443648
            .500000000 38.6096979 16.9653332 21.6443648
 9.12011E-5 .500000000 37.8094053 16.6482450 21.1491778
            .500000000 37.8094053 16.6482450 21.1491778
 9.54993E-5 .500000000 37.0068615 16.3362657 20.6681499
            .500000000 37.0068615 16.3362657 20.6681499
 1.00000E-4 .500000000 36.2424554 16.0420430 20.1994459
            .500000000 36.2424554 16.0420430 20.1994459
 1.04713E-4 .500000000 35.4933387 15.7432977 19.7358570
            .500000000 35.4933387 15.7432977 19.7358570
 1.09648E-4 .500000000 34.7605755 15.4687350 19.2918405
            .500000000 34.7605755 15.4687350 19.2918405
 1.14815E-4 .500000000 34.0498018 15.1862025 18.8462001
            .500000000 34.0498018 15.1862025 18.8462001
 1.20226E-4 .500000000 33.3464523 14.9219400 18.4245122
            .500000000 33.3464523 14.9219400 18.4245122
 1.25893E-4 .500000000 32.6731866 14.6631367 17.9972113
            .500000000 32.6731866 14.6631367 17.9972113
 1.31826E-4 .500000000 32.0000594 14.4043601 17.5956993
            .500000000 32.0000594 14.4043601 17.5956993
 1.38038E-4 .500000000 31.3609839 14.1664185 17.1869915
            .500000000 31.3609839 14.1664185 17.1869915
 1.44544E-4 .500000000 30.7263563 13.9209153 16.8037194
            .500000000 30.7263563 13.9209153 16.8037194
 1.51356E-4 .500000000 30.1109939 13.6949419 16.4137440
            .500000000 30.1109939 13.6949419 16.4137440
 1.58489E-4 .500000000 29.5201706 13.4695443 16.0469627
            .500000000 29.5201706 13.4695443 16.0469627
 1.65959E-4 .500000000 28.9250442 13.2485984 15.6757485
            .500000000 28.9250442 13.2485984 15.6757485
 1.73780E-4 .500000000 28.3710544 13.0431367 15.3238835
            .500000000 28.3710544 13.0431367 15.3238835
 1.81970E-4 .500000000 27.8033097 12.8319433 14.9713665
            .500000000 27.8033097 12.8319433 14.9713665
 1.90546E-4 .500000000 27.2770602 12.6404328 14.6330066
            .500000000 27.2770602 12.6404328 14.6330066
 1.99526E-4 .500000000 26.7456480 12.4466074 14.2990406
            .500000000 26.7456480 12.4466074 14.2990406
 2.08930E-4 .500000000 26.2360864 12.2569948 13.9729272
            .500000000 26.2360864 12.2569948 13.9729272
 2.18776E-4 .500000000 25.7397654 12.0829390 13.6568263
            .500000000 25.7397654 12.0829390 13.6568263
 2.29087E-4 .500000000 25.2470897 11.9023026 13.3427472
            .500000000 25.2470897 11.9023026 13.3427472
 2.39883E-4 .500000000 24.7839475 11.7376079 13.0430954
            .500000000 24.7839475 11.7376079 13.0430954
 2.51189E-4 .500000000 24.3166257 11.5752338 12.7413919
            .500000000 24.3166257 11.5752338 12.7413919
 2.63027E-4 .500000000 23.8788968 11.4124692 12.4566045
            .500000000 23.8788968 11.4124692 12.4566045
 2.75423E-4 .500000000 23.4334958 11.2659795 12.1675163
            .500000000 23.4334958 11.2659795 12.1675163
 2.88403E-4 .500000000 23.0132696 11.1145534 11.8961624
            .500000000 23.0132696 11.1145534 11.8961624
 3.01995E-4 .500000000 22.6030773 10.9739266 11.6198409
            .500000000 22.6030773 10.9739266 11.6198409
 3.16228E-4 .500000000 22.2007131 10.8400815 11.3606316
            .500000000 22.2007131 10.8400815 11.3606316
 3.31131E-4 .500000000 21.8122443 10.7016476 11.0971502
            .500000000 21.8122443 10.7016476 11.0971502
 3.46737E-4 .500000000 21.4271811 10.5782583 10.8489228
            .500000000 21.4271811 10.5782583 10.8489228
 3.63078E-4 .500000000 21.0584887 10.4555785 10.5982836
            .500000000 21.0584887 10.4555785 10.5982836
 3.80189E-4 .500000000 20.6974042 10.3321678 10.3599920
            .500000000 20.6974042 10.3321678 10.3599920
 3.98107E-4 .500000000 20.3458086 10.2236731 10.1221355
            .500000000 20.3458086 10.2236731 10.1221355
 4.16869E-4 .500000000 20.0100312 10.1122907 9.89284057
            .500000000 20.0100312 10.1122907 9.89284057
 4.36516E-4 .500000000 19.6700535 10.0024413 9.66761226
            .500000000 19.6700535 10.0024413 9.66761226
 4.57088E-4 .500000000 19.3553195 9.90636489 9.44655447
            .500000000 19.3553195 9.90636489 9.44655447
 4.78630E-4 .500000000 19.0402068 9.80686952 9.23333724
            .500000000 19.0402068 9.80686952 9.23333724
 5.01187E-4 .500000000 18.7331194 9.70824810 9.02059281
            .500000000 18.7331194 9.70824810 9.02059281
 5.24807E-4 .500000000 18.4444542 9.62293791 8.81832657
            .500000000 18.4444542 9.62293791 8.81832657
 5.49541E-4 .500000000 18.1490696 9.53496071 8.61410886
            .500000000 18.1490696 9.53496071 8.61410886
 5.75440E-4 .500000000 17.8750247 9.44731467 8.42173888
            .500000000 17.8750247 9.44731467 8.42173888
 6.02560E-4 .500000000 17.6016066 9.37228094 8.22619485
            .500000000 17.6016066 9.37228094 8.22619485
 6.30957E-4 .500000000 17.3380612 9.29529107 8.04277012
            .500000000 17.3380612 9.29529107 8.04277012
 6.60693E-4 .500000000 17.0834119 9.21669828 7.85598840
            .500000000 17.0834119 9.21669828 7.85598840
 6.91831E-4 .500000000 16.8311849 9.15053513 7.68064978
            .500000000 16.8311849 9.15053513 7.68064978
 7.24436E-4 .500000000 16.5885587 9.08474537 7.50266536
            .500000000 16.5885587 9.08474537 7.50266536
 7.58578E-4 .500000000 16.3557652 9.01585504 7.33464013
            .500000000 16.3557652 9.01585504 7.33464013
 7.94328E-4 .500000000 16.1179909 8.95254811 7.16544278
            .500000000 16.1179909 8.95254811 7.16544278
 8.31764E-4 .500000000 15.9028958 8.89762649 7.00403563
            .500000000 15.9028958 8.89762649 7.00403563
 8.70964E-4 .500000000 15.6849738 8.84015603 6.84357367
            .500000000 15.6849738 8.84015603 6.84357367
 9.12011E-4 .500000000 15.4688884 8.78072795 6.68816049
            .500000000 15.4688884 8.78072795 6.68816049
 9.54993E-4 .500000000 15.2722521 8.73149534 6.53626520
            .500000000 15.2722521 8.73149534 6.53626520
 .001000000 .500000000 15.0711434 8.68469308 6.38645033
            .500000000 15.0711434 8.68469308 6.38645033
 .001047129 .500000000 14.8782865 8.63568511 6.24260141
            .500000000 14.8782865 8.63568511 6.24260141
 .001096478 .500000000 14.6937073 8.58528669 6.09852506
            .500000000 14.6937073 8.58528669 6.09852506
 .001148154 .500000000 14.5066506 8.54468351 5.96196713
            .500000000 14.5066506 8.54468351 5.96196713
 .001202264 .500000000 14.3297383 8.50597604 5.82376229
            .500000000 14.3297383 8.50597604 5.82376229
 .001258925 .500000000 14.1605176 8.46544435 5.69379345
            .500000000 14.1605176 8.46544435 5.69379345
 .001318257 .500000000 13.9854351 8.42304261 5.56154906
            .500000000 13.9854351 8.42304261 5.56154906
 .001380384 .500000000 13.8267474 8.38714978 5.43753578
            .500000000 13.8267474 8.38714978 5.43753578
 .001445440 .500000000 13.6718922 8.35608451 5.31130165
            .500000000 13.6718922 8.35608451 5.31130165
 .001513561 .500000000 13.5162282 8.32355517 5.19267302
            .500000000 13.5162282 8.32355517 5.19267302
 .001584893 .500000000 13.3633770 8.28949278 5.07246447
            .500000000 13.3633770 8.28949278 5.07246447
 .001659587 .500000000 13.2213800 8.25555371 4.95870638
            .500000000 13.2213800 8.25555371 4.95870638
 .001737801 .500000000 13.0746219 8.23011401 4.84450791
            .500000000 13.0746219 8.23011401 4.84450791
 .001819701 .500000000 12.9402714 8.20511306 4.73515829
            .500000000 12.9402714 8.20511306 4.73515829
 .001905461 .500000000 12.8080039 8.17893385 4.62692761
            .500000000 12.8080039 8.17893385 4.62692761
 .001995262 .500000000 12.6730926 8.15152086 4.52157179
            .500000000 12.6730926 8.15152086 4.52157179
 .002089296 .500000000 12.5436642 8.12349234 4.41913230
            .500000000 12.5436642 8.12349234 4.41913230
 .002187762 .500000000 12.4259563 8.10280171 4.31762034
            .500000000 12.4259563 8.10280171 4.31762034
 .002290868 .500000000 12.3043409 8.08378923 4.22055171
            .500000000 12.3043409 8.08378923 4.22055171
 .002398833 .500000000 12.1868787 8.06388072 4.12299801
            .500000000 12.1868787 8.06388072 4.12299801
 .002511886 .500000000 12.0743887 8.04303395 4.03078356
            .500000000 12.0743887 8.04303395 4.03078356
 .002630268 .500000000 11.9630432 8.02120470 3.93727044
            .500000000 11.9630432 8.02120470 3.93727044
 .002754229 .500000000 11.8493947 7.99995170 3.84944296
            .500000000 11.8493947 7.99995170 3.84944296
 .002884032 .500000000 11.7487832 7.98548902 3.76002355
            .500000000 11.7487832 7.98548902 3.76002355
 .003019952 .500000000 11.6491858 7.97137595 3.67616150
            .500000000 11.6491858 7.97137595 3.67616150
 .003162278 .500000000 11.5474608 7.95659776 3.59086304
            .500000000 11.5474608 7.95659776 3.59086304
 .003311311 .500000000 11.4517097 7.94112309 3.51058664
            .500000000 11.4517097 7.94112309 3.51058664
 .003467369 .500000000 11.3577476 7.92491912 3.42941350
            .500000000 11.3577476 7.92491912 3.42941350
 .003630781 .500000000 11.2654066 7.90795148 3.35238098
            .500000000 11.2654066 7.90795148 3.35238098
 .003801894 .500000000 11.1694676 7.89348575 3.27531723
            .500000000 11.1694676 7.89348575 3.27531723
 .003981072 .500000000 11.0856223 7.88384374 3.20122150
            .500000000 11.0856223 7.88384374 3.20122150
 .004168694 .500000000 11.0046834 7.87382864 3.12822902
            .500000000 11.0046834 7.87382864 3.12822902
 .004365158 .500000000 10.9201451 7.86334154 3.05680352
            .500000000 10.9201451 7.86334154 3.05680352
 .004570882 .500000000 10.8400726 7.85236019 2.98771242
            .500000000 10.8400726 7.85236019 2.98771242
 .004786301 .500000000 10.7598755 7.84086131 2.91894304
            .500000000 10.7598755 7.84086131 2.91894304
 .005011872 .500000000 10.6863320 7.82882050 2.85342813
            .500000000 10.6863320 7.82882050 2.85342813
 .005248075 .500000000 10.6093226 7.81625428 2.78738733
            .500000000 10.6093226 7.81625428 2.78738733
 .005495409 .500000000 10.5325574 7.80745277 2.72510463
            .500000000 10.5325574 7.80745277 2.72510463
 .005754399 .500000000 10.4654414 7.80118662 2.66184327
            .500000000 10.4654414 7.80118662 2.66184327
 .006025596 .500000000 10.3992867 7.79462516 2.60248219
            .500000000 10.3992867 7.79462516 2.60248219
 .006309573 .500000000 10.3300142 7.78775446 2.54203192
            .500000000 10.3300142 7.78775446 2.54203192
 .006606934 .500000000 10.2658725 7.78055996 2.48531258
            .500000000 10.2658725 7.78055996 2.48531258
 .006918310 .500000000 10.2007145 7.77302639 2.42768816
            .500000000 10.2007145 7.77302639 2.42768816
 .007244360 .500000000 10.1401617 7.76513778 2.37335868
            .500000000 10.1401617 7.76513778 2.37335868
 .007585776 .500000000 10.0784679 7.75687738 2.31855989
            .500000000 10.0784679 7.75687738 2.31855989
 .007943282 .500000000 10.0146215 7.74822769 2.26639382
            .500000000 10.0146215 7.74822769 2.26639382
 .008317638 .500000000 9.95768385 7.74050722 2.21440720
            .500000000 9.95768385 7.74050722 2.21440720
 .008709636 .500000000 9.90572971 7.73667349 2.16420094
            .500000000 9.90572971 7.73667349 2.16420094
 .009120108 .500000000 9.85132705 7.73297152 2.11498581
            .500000000 9.85132705 7.73297152 2.11498581
 .009549926 .500000000 9.79568139 7.72909508 2.06658631
            .500000000 9.79568139 7.72909508 2.06658631
 .010000000 .500000000 9.74502925 7.72503595 2.01999331
            .500000000 9.74502925 7.72503595 2.01999331
 .010471285 .500000000 9.69421570 7.72078551 1.97343019
            .500000000 9.69421570 7.72078551 1.97343019
 .010964782 .500000000 9.64555351 7.71633476 1.92921874
            .500000000 9.64555351 7.71633476 1.92921874
 .011481536 .500000000 9.59620930 7.71167426 1.88453505
            .500000000 9.59620930 7.71167426 1.88453505
 .012022644 .500000000 9.54926684 7.70679411 1.84247273
            .500000000 9.54926684 7.70679411 1.84247273
 .012589254 .500000000 9.50138033 7.70168396 1.79969637
            .500000000 9.50138033 7.70168396 1.79969637
 .013182567 .500000000 9.45858841 7.69633298 1.75957381
            .500000000 9.45858841 7.69633298 1.75957381
 .013803843 .500000000 9.41582490 7.69072982 1.71872039
            .500000000 9.41582490 7.69072982 1.71872039
 .014454398 .500000000 9.37104600 7.68573641 1.68035036
            .500000000 9.37104600 7.68573641 1.68035036
 .015135612 .500000000 9.32486929 7.68344349 1.64142581
            .500000000 9.32486929 7.68344349 1.64142581
 .015848932 .500000000 9.28671815 7.68127839 1.60464137
            .500000000 9.28671815 7.68127839 1.60464137
 .016595869 .500000000 9.25070228 7.67901126 1.56764362
            .500000000 9.25070228 7.67901126 1.56764362
 .017378008 .500000000 9.21298904 7.67663728 1.53229684
            .500000000 9.21298904 7.67663728 1.53229684
 .018197009 .500000000 9.17349842 7.67415142 1.49721802
            .500000000 9.17349842 7.67415142 1.49721802
 .019054607 .500000000 9.13472099 7.67154840 1.46317259
            .500000000 9.13472099 7.67154840 1.46317259
 .019952623 .500000000 9.09878731 7.66882271 1.42996461
            .500000000 9.09878731 7.66882271 1.42996461
 .020892961 .500000000 9.06573314 7.66596855 1.39714802
            .500000000 9.06573314 7.66596855 1.39714802
 .021877616 .500000000 9.03284870 7.66297989 1.36569193
            .500000000 9.03284870 7.66297989 1.36569193
 .022908677 .500000000 8.99841445 7.65985038 1.33406487
            .500000000 8.99841445 7.65985038 1.33406487
 .023988329 .500000000 8.96235737 7.65657337 1.30393738
            .500000000 8.96235737 7.65657337 1.30393738
 .025118864 .500000000 8.92932447 7.65430971 1.27410763
            .500000000 8.92932447 7.65430971 1.27410763
 .026302680 .500000000 8.90249434 7.65358169 1.24551352
            .500000000 8.90249434 7.65358169 1.24551352
 .027542287 .500000000 8.87451262 7.65283681 1.21668044
            .500000000 8.87451262 7.65283681 1.21668044
 .028840315 .500000000 8.84521217 7.65205682 1.18948365
            .500000000 8.84521217 7.65205682 1.18948365
 .030199517 .500000000 8.81453083 7.65124007 1.16186217
            .500000000 8.81453083 7.65124007 1.16186217
 .031622777 .500000000 8.78632600 7.65038483 1.13594116
            .500000000 8.78632600 7.65038483 1.13594116
 .033113112 .500000000 8.75903360 7.64948929 1.10954431
            .500000000 8.75903360 7.64948929 1.10954431
 .034673685 .500000000 8.73332805 7.64855154 1.08477652
            .500000000 8.73332805 7.64855154 1.08477652
 .036307805 .500000000 8.70813455 7.64756959 1.05961064
            .500000000 8.70813455 7.64756959 1.05961064
 .038018940 .500000000 8.68282406 7.64654137 1.03588593
            .500000000 8.68282406 7.64654137 1.03588593
 .039810717 .500000000 8.65741573 7.64546469 1.01195104
            .500000000 8.65741573 7.64546469 1.01195104
 .041686938 .500000000 8.63350751 7.64433726 .989170250
            .500000000 8.63350751 7.64433726 .989170250
 .043651583 .500000000 8.60961702 7.64315670 .966460315
            .500000000 8.60961702 7.64315670 .966460315
 .045708819 .500000000 8.58645477 7.64192051 .944534264
            .500000000 8.58645477 7.64192051 .944534264
 .047863009 .500000000 8.56365800 7.64062605 .923031952
            .500000000 8.56365800 7.64062605 .923031952
 .050118723 .500000000 8.54227055 7.63927059 .901892711
            .500000000 8.54227055 7.63927059 .901892711
 .052480746 .500000000 8.52007284 7.63785124 .881534220
            .500000000 8.52007284 7.63785124 .881534220
 .054954087 .500000000 8.49755915 7.63636501 .861194143
            .500000000 8.49755915 7.63636501 .861194143
 .057543994 .500000000 8.47668465 7.63480873 .841875920
            .500000000 8.47668465 7.63480873 .841875920
 .060255959 .500000000 8.45553396 7.63317911 .822354853
            .500000000 8.45553396 7.63317911 .822354853
 .063095734 .500000000 8.43683321 7.63147268 .803976699
            .500000000 8.43683321 7.63147268 .803976699
 .066069345 .500000000 8.41961340 7.62968583 .785288191
            .500000000 8.41961340 7.62968583 .785288191
 .069183097 .500000000 8.40158205 7.62781478 .767759636
            .500000000 8.40158205 7.62781478 .767759636
 .072443596 .500000000 8.38270090 7.62592465 .749911628
            .500000000 8.38270090 7.62592465 .749911628
 .075857758 .500000000 8.36292991 7.62531735 .733151091
            .500000000 8.36292991 7.62531735 .733151091
 .079432823 .500000000 8.34222714 7.62521970 .716146556
            .500000000 8.34222714 7.62521970 .716146556
 .083176377 .500000000 8.32519803 7.62511745 .700080573
            .500000000 8.32519803 7.62511745 .700080573
 .087096359 .500000000 8.31138851 7.62501039 .683918097
            .500000000 8.31138851 7.62501039 .683918097
 .091201084 .500000000 8.29725571 7.62489828 .668480613
            .500000000 8.29725571 7.62489828 .668480613
 .095499259 .500000000 8.28245685 7.62478088 .653154919
            .500000000 8.28245685 7.62478088 .653154919
 .100000000 .500000000 8.26696055 7.62465795 .638286627
            .500000000 8.26696055 7.62465795 .638286627
 .104712855 .500000000 8.25073392 7.62452923 .623778948
            .500000000 8.25073392 7.62452923 .623778948
 .109647820 .500000000 8.23384137 7.62439444 .609446928
            .500000000 8.23384137 7.62439444 .609446928
 .114815362 .500000000 8.21995762 7.62425330 .595704313
            .500000000 8.21995762 7.62425330 .595704313
 .120226443 .500000000 8.20602899 7.62410551 .581923484
            .500000000 8.20602899 7.62410551 .581923484
 .125892541 .500000000 8.19282391 7.62395075 .568873158
            .500000000 8.19282391 7.62395075 .568873158
 .131825674 .500000000 8.18054241 7.62378870 .555655851
            .500000000 8.18054241 7.62378870 .555655851
 .138038426 .500000000 8.16839157 7.62361901 .543231094
            .500000000 8.16839157 7.62361901 .543231094
 .144543977 .500000000 8.15566808 7.62344133 .530585463
            .500000000 8.15566808 7.62344133 .530585463
 .151356125 .500000000 8.14234495 7.62325527 .518726048
            .500000000 8.14234495 7.62325527 .518726048
 .158489319 .500000000 8.12971698 7.62306044 .506656535
            .500000000 8.12971698 7.62306044 .506656535
 .165958691 .500000000 8.11816460 7.62285643 .495308172
            .500000000 8.11816460 7.62285643 .495308172
 .173780083 .500000000 8.10645873 7.62264281 .483815927
            .500000000 8.10645873 7.62264281 .483815927
 .181970086 .500000000 8.09534886 7.62241911 .472929743
            .500000000 8.09534886 7.62241911 .472929743
 .190546072 .500000000 8.08419790 7.62218488 .462013019
            .500000000 8.08419790 7.62218488 .462013019
 .199526231 .500000000 8.07348469 7.62193961 .451545082
            .500000000 8.07348469 7.62193961 .451545082
 .208929613 .500000000 8.06303890 7.62168277 .441199564
            .500000000 8.06303890 7.62168277 .441199564
 .218776162 .500000000 8.05268156 7.62141384 .431110484
            .500000000 8.05268156 7.62141384 .431110484
 .229086765 .500000000 8.04244915 7.62113222 .421316927
            .500000000 8.04244915 7.62113222 .421316927
 .239883292 .500000000 8.03243412 7.62083734 .411596782
            .500000000 8.03243412 7.62083734 .411596782
 .251188643 .500000000 8.02284143 7.62052856 .402312875
            .500000000 8.02284143 7.62052856 .402312875
 .263026799 .500000000 8.01317760 7.62020522 .392972375
            .500000000 8.01317760 7.62020522 .392972375
 .275422870 .500000000 8.00401559 7.61986665 .384148934
            .500000000 8.00401559 7.61986665 .384148934
 .288403150 .500000000 7.99470780 7.61951212 .375195681
            .500000000 7.99470780 7.61951212 .375195681
 .301995172 .500000000 7.98592915 7.61914089 .366788266
            .500000000 7.98592915 7.61914089 .366788266
 .316227766 .500000000 7.97697925 7.61875215 .358227093
            .500000000 7.97697925 7.61875215 .358227093
 .331131121 .500000000 7.96854070 7.61834510 .350195602
            .500000000 7.96854070 7.61834510 .350195602
 .346736850 .500000000 7.96022324 7.61791886 .342028885
            .500000000 7.96022324 7.61791886 .342028885
 .363078055 .500000000 7.95180971 7.61747254 .334337176
            .500000000 7.95180971 7.61747254 .334337176
 .380189396 .500000000 7.94357029 7.61700518 .326565115
            .500000000 7.94357029 7.61700518 .326565115
 .398107171 .500000000 7.93569645 7.61651579 .319180661
            .500000000 7.93569645 7.61651579 .319180661
 .416869383 .500000000 7.92780488 7.61600334 .311801541
            .500000000 7.92780488 7.61600334 .311801541
 .436515832 .500000000 7.92016185 7.61546674 .304695111
            .500000000 7.92016185 7.61546674 .304695111
 .457088190 .500000000 7.91260954 7.61490485 .297704693
            .500000000 7.91260954 7.61490485 .297704693
 .478630092 .500000000 7.90516823 7.61431648 .290851749
            .500000000 7.90516823 7.61431648 .290851749
 .501187234 .500000000 7.89793256 7.61370038 .284232185
            .500000000 7.89793256 7.61370038 .284232185
 .524807460 .500000000 7.89202447 7.61305524 .277633517
            .500000000 7.89202447 7.61305524 .277633517
 .549540874 .500000000 7.88584566 7.61237970 .271352673
            .500000000 7.88584566 7.61237970 .271352673
 .575439937 .500000000 7.87937565 7.61167233 .265014982
            .500000000 7.87937565 7.61167233 .265014982
 .602559586 .500000000 7.87260072 7.61093161 .259040079
            .500000000 7.87260072 7.61093161 .259040079
 .630957344 .500000000 7.86550650 7.61015599 .252968007
            .500000000 7.86550650 7.61015599 .252968007
 .660693448 .500000000 7.85807794 7.60934381 .247269426
            .500000000 7.85807794 7.60934381 .247269426
 .691830971 .500000000 7.85029928 7.60849335 .241465780
            .500000000 7.85029928 7.60849335 .241465780
 .724435960 .500000000 7.84361962 7.60760282 .236016798
            .500000000 7.84361962 7.60760282 .236016798
 .758577575 .500000000 7.83715307 7.60667031 .230482755
            .500000000 7.83715307 7.60667031 .230482755
 .794328235 .500000000 7.83104388 7.60569386 .225259291
            .500000000 7.83104388 7.60569386 .225259291
 .831763771 .500000000 7.82696368 7.60467139 .219994716
            .500000000 7.82696368 7.60467139 .219994716
 .870963590 .500000000 7.82269118 7.60360073 .214980063
            .500000000 7.82269118 7.60360073 .214980063
 .912010839 .500000000 7.81821733 7.60247961 .209990901
            .500000000 7.81821733 7.60247961 .209990901
 .954992586 .500000000 7.81353263 7.60143495 .205154149
            .500000000 7.81353263 7.60143495 .205154149
 1.00000000 .500000000 7.80862715 7.60088970 .200410944
            .500000000 7.80862715 7.60088970 .200410944
 1.04712855 .500000000 7.80349048 7.60038026 .195741728
            .500000000 7.80349048 7.60038026 .195741728
 1.09647820 .500000000 7.79811173 7.59984681 .191257731
            .500000000 7.79811173 7.59984681 .191257731
 1.14815362 .500000000 7.79247948 7.59928823 .186769379
            .500000000 7.79247948 7.59928823 .186769379
 1.20226443 .500000000 7.78658180 7.59870331 .182508320
            .500000000 7.78658180 7.59870331 .182508320
 1.25892541 .500000000 7.78040617 7.59809084 .178197506
            .500000000 7.78040617 7.59809084 .178197506
 1.31825674 .500000000 7.77393948 7.59744949 .174139224
            .500000000 7.77393948 7.59744949 .174139224
 1.38038426 .500000000 7.76716804 7.59677792 .170010042
            .500000000 7.76716804 7.59677792 .170010042
 1.44543977 .500000000 7.76220951 7.59607470 .166134810
            .500000000 7.76220951 7.59607470 .166134810
 1.51356125 .500000000 7.75872849 7.59533834 .162188838
            .500000000 7.75872849 7.59533834 .162188838
 1.58489319 .500000000 7.75545330 7.59456727 .158478811
            .500000000 7.75545330 7.59456727 .158478811
 1.65958691 .500000000 7.75202375 7.59375987 .154716545
            .500000000 7.75202375 7.59375987 .154716545
 1.73780083 .500000000 7.74843258 7.59291441 .151155634
            .500000000 7.74843258 7.59291441 .151155634
 1.81970086 .500000000 7.74467215 7.59202911 .147576614
            .500000000 7.74467215 7.59202911 .147576614
 1.90546072 .500000000 7.74073450 7.59110209 .144150334
            .500000000 7.74073450 7.59110209 .144150334
 1.99526231 .500000000 7.73661128 7.59013137 .140753272
            .500000000 7.73661128 7.59013137 .140753272
 2.08929613 .500000000 7.73229374 7.58911491 .137448606
            .500000000 7.73229374 7.58911491 .137448606
 2.18776162 .500000000 7.72777271 7.58805055 .134228562
            .500000000 7.72777271 7.58805055 .134228562
 2.29086765 .500000000 7.72303862 7.58693602 .131039699
            .500000000 7.72303862 7.58693602 .131039699
 2.39883292 .500000000 7.71808141 7.58576896 .127984168
            .500000000 7.71808141 7.58576896 .127984168
 2.51188643 .500000000 7.71289058 7.58454691 .124914572
            .500000000 7.71289058 7.58454691 .124914572
 2.63026799 .500000000 7.70745512 7.58326726 .122007497
            .500000000 7.70745512 7.58326726 .122007497
 2.75422870 .500000000 7.70176348 7.58192730 .119059771
            .500000000 7.70176348 7.58192730 .119059771
 2.88403150 .500000000 7.69681079 7.58052419 .116286599
            .500000000 7.69681079 7.58052419 .116286599
 3.01995172 .500000000 7.69251743 7.57905496 .113462473
            .500000000 7.69251743 7.57905496 .113462473
 3.16227766 .500000000 7.68832656 7.57751648 .110810082
            .500000000 7.68832656 7.57751648 .110810082
 3.31131121 .500000000 7.68401601 7.57590549 .108110519
            .500000000 7.68401601 7.57590549 .108110519
 3.46736850 .500000000 7.68002020 7.57421859 .105567087
            .500000000 7.68002020 7.57421859 .105567087
 3.63078055 .500000000 7.67653458 7.57245218 .102992375
            .500000000 7.67653458 7.57245218 .102992375
 3.80189396 .500000000 7.67288469 7.57060252 .100547266
            .500000000 7.67288469 7.57060252 .100547266
 3.98107171 .500000000 7.66906279 7.56866569 .098097095
            .500000000 7.66906279 7.56866569 .098097095
 4.16869383 .500000000 7.66506077 7.56663758 .095740749
            .500000000 7.66506077 7.56663758 .095740749
 4.36515832 .500000000 7.66087014 7.56451389 .093414225
            .500000000 7.66087014 7.56451389 .093414225
 4.57088190 .500000000 7.65648201 7.56229012 .091138132
            .500000000 7.65648201 7.56229012 .091138132
 4.78630092 .500000000 7.65188707 7.55996154 .088930445
            .500000000 7.65188707 7.55996154 .088930445
 5.01187234 .500000000 7.64707558 7.55752321 .086733689
            .500000000 7.64707558 7.55752321 .086733689
 5.24807460 .500000000 7.64203733 7.55496998 .084635525
            .500000000 7.64203733 7.55496998 .084635525
 5.49540874 .500000000 7.63676164 7.55229641 .082520668
            .500000000 7.63676164 7.55229641 .082520668
 5.75439937 .500000000 7.63123731 7.54949684 .080521091
            .500000000 7.63123731 7.54949684 .080521091
 6.02559586 .500000000 7.62545263 7.54656533 .078489757
            .500000000 7.62545263 7.54656533 .078489757
 6.30957344 .500000000 7.62007505 7.54349567 .076579386
            .500000000 7.62007505 7.54349567 .076579386
 6.60693448 .500000000 7.61491435 7.54028133 .074633017
            .500000000 7.61491435 7.54028133 .074633017
 6.91830971 .500000000 7.60971897 7.53691551 .072803461
            .500000000 7.60971897 7.53691551 .072803461
 7.24435960 .500000000 7.60433414 7.53339106 .070943077
            .500000000 7.60433414 7.53339106 .070943077
 7.58577575 .500000000 7.59888757 7.52970051 .069187059
            .500000000 7.59888757 7.52970051 .069187059
 7.94328235 .500000000 7.59324940 7.52583603 .067413375
            .500000000 7.59324940 7.52583603 .067413375
 8.31763771 .500000000 7.58750750 7.52178942 .065718076
            .500000000 7.58750750 7.52178942 .065718076
 8.70963590 .500000000 7.58157957 7.51755210 .064027472
            .500000000 7.58157957 7.51755210 .064027472
 9.12010839 .500000000 7.57552703 7.51311508 .062411945
            .500000000 7.57552703 7.51311508 .062411945
 9.54992586 .500000000 7.56926588 7.50846895 .060796929
            .500000000 7.56926588 7.50846895 .060796929
 10.0000000 .500000000 7.56286226 7.50360386 .059258397
            .500000000 7.56286226 7.50360386 .059258397
 10.4712855 .500000000 7.55622852 7.49850948 .057719035
            .500000000 7.55622852 7.49850948 .057719035
 10.9647820 .500000000 7.54943625 7.49317501 .056261241
            .500000000 7.54943625 7.49317501 .056261241
 11.4815362 .500000000 7.54239291 7.48758914 .054803772
            .500000000 7.54239291 7.48758914 .054803772
 12.0226443 .500000000 7.53517304 7.48174001 .053433033
            .500000000 7.53517304 7.48174001 .053433033
 12.5892541 .500000000 7.52769256 7.47561522 .052077342
            .500000000 7.52769256 7.47561522 .052077342
 13.1825674 .500000000 7.52002599 7.46920178 .050824214
            .500000000 7.52002599 7.46920178 .050824214
 13.8038426 .500000000 7.51210937 7.46248608 .049623284
            .500000000 7.51210937 7.46248608 .049623284
 14.4543977 .500000000 7.50401264 7.45545388 .048558757
            .500000000 7.50401264 7.45545388 .048558757
 15.1356125 .500000000 7.49578613 7.44809026 .047695866
            .500000000 7.49578613 7.44809026 .047695866
 15.8489319 .500000000 7.48758545 7.44037961 .047205835
            .500000000 7.48758545 7.44037961 .047205835
 16.5958691 .500000000 7.47993614 7.43230557 .047630577
            .500000000 7.47993614 7.43230557 .047630577
 17.3780083 .500000000 7.47486577 7.42385100 .051014769
            .500000000 7.47486577 7.42385100 .051014769
 18.1970086 .500000000 7.48923675 7.41499799 .074238757
            .500000000 7.48923675 7.41499799 .074238757
 19.0546072 .605387408 7.90100685 7.40744889 .493557956
            .394612592 11.1414172 7.40308728 3.73832996
 19.9526231 .681230000 7.45556452 7.39451164 .061052875
            .318770000 7.84737941 7.39924535 .448134060
 20.8929613 .500000000 7.43729882 7.38585599 .050514298
            .500000000 7.43729882 7.38585599 .050514298
 21.8776162 .500000000 7.41915321 7.37521232 .041315893
            .500000000 7.41915321 7.37521232 .041315893
 22.9086765 .500000000 7.40192588 7.36406704 .037858842
            .500000000 7.40192588 7.36406704 .037858842
 23.9883292 .500000000 7.38845142 7.35239649 .035780177
            .500000000 7.38845142 7.35239649 .035780177
 25.1188643 .500000000 7.37742324 7.34029418 .034209963
            .500000000 7.37742324 7.34029418 .034209963
 26.3026799 .500000000 7.36587532 7.32943845 .032875690
            .500000000 7.36587532 7.32943845 .032875690
 27.5422870 .500000000 7.35378316 7.31869278 .031674688
            .500000000 7.35378316 7.31869278 .031674688
 28.8403150 .500000000 7.34112112 7.30744068 .030564187
            .500000000 7.34112112 7.30744068 .030564187
 30.1995172 .500000000 7.32786233 7.29565828 .029488808
            .500000000 7.32786233 7.29565828 .029488808
 31.6227766 .500000000 7.31397867 7.28332060 .028474028
            .500000000 7.31397867 7.28332060 .028474028
 33.1131121 .500000000 7.29944070 7.27040146 .027495591
            .500000000 7.29944070 7.27040146 .027495591
 34.6736850 .500000000 7.28421757 7.25687346 .026536232
            .500000000 7.28421757 7.25687346 .026536232
 36.3078055 .500000000 7.26831841 7.24270791 .025610502
            .500000000 7.26831841 7.24270791 .025610502
 38.0189396 .500000000 7.25259047 7.22787475 .024715718
            .500000000 7.25259047 7.22787475 .024715718
 39.8107171 .500000000 7.23617351 7.21234253 .023830982
            .500000000 7.23617351 7.21234253 .023830982
 41.6869383 .500000000 7.21906090 7.19607830 .022982607
            .500000000 7.21906090 7.19607830 .022982607
 43.6515832 .500000000 7.20118958 7.17904756 .022142021
            .500000000 7.20118958 7.17904756 .022142021
 45.7088190 .500000000 7.18254309 7.16121418 .021328912
            .500000000 7.18254309 7.16121418 .021328912
 47.8630092 .500000000 7.16307927 7.14254034 .020538932
            .500000000 7.16307927 7.14254034 .020538932
 50.1187234 .500000000 7.14307094 7.12298643 .019756615
            .500000000 7.14307094 7.12298643 .019756615
 52.4807460 .500000000 7.12492500 7.10251098 .019006387
            .500000000 7.12492500 7.10251098 .019006387
 54.9540874 .500000000 7.10592387 7.08225518 .018261646
            .500000000 7.10592387 7.08225518 .018261646
 57.5439937 .500000000 7.08602724 7.06422750 .017542466
            .500000000 7.08602724 7.06422750 .017542466
 60.2559586 .500000000 7.06519291 7.04552295 .016845801
            .500000000 7.06519291 7.04552295 .016845801
 63.0957344 .500000000 7.04337669 7.02593688 .016156667
            .500000000 7.04337669 7.02593688 .016156667
 66.0693448 .500000000 7.02091601 7.00542775 .015488254
            .500000000 7.02091601 7.00542775 .015488254
 69.1830971 .500000000 6.99879435 6.98395206 .014842293
            .500000000 6.99879435 6.98395206 .014842293
 72.4435960 .500000000 6.97566870 6.96146425 .014204451
            .500000000 6.97566870 6.96146425 .014204451
 75.8577575 .500000000 6.95150359 6.93791662 .013586977
            .500000000 6.95150359 6.93791662 .013586977
 79.4328235 .500000000 6.92625471 6.91325922 .012995489
            .500000000 6.92625471 6.91325922 .012995489
 83.1763771 .500000000 6.90094024 6.88743976 .012407461
            .500000000 6.90094024 6.88743976 .012407461
 87.0963590 .500000000 6.87721256 6.86056311 .011842480
            .500000000 6.87721256 6.86056311 .011842480
 91.2010839 .500000000 6.85236662 6.83651083 .011291845
            .500000000 6.85236662 6.83651083 .011291845
 95.4992586 .500000000 6.82634973 6.81313246 .010762112
            .500000000 6.82634973 6.81313246 .010762112
 100.000000 .500000000 6.79910670 6.78865231 .010247359
            .500000000 6.79910670 6.78865231 .010247359
 104.712855 .500000000 6.77276423 6.76301844 .009745794
            .500000000 6.77276423 6.76301844 .009745794
 109.647820 .500000000 6.74543920 6.73617648 .009262720
            .500000000 6.74543920 6.73617648 .009262720
 114.815362 .500000000 6.71686583 6.70806951 .008796326
            .500000000 6.71686583 6.70806951 .008796326
 120.226443 .500000000 6.68707848 6.67863789 .008346416
            .500000000 6.68707848 6.67863789 .008346416
 125.892541 .500000000 6.66029400 6.64792104 .007911998
            .500000000 6.66029400 6.64792104 .007911998
 131.825674 .500000000 6.63224719 6.62036432 .007492768
            .500000000 6.63224719 6.62036432 .007492768
 138.038426 .500000000 6.60287859 6.59402610 .007089472
            .500000000 6.60287859 6.59402610 .007089472
 144.543977 .500000000 6.57314802 6.56644659 .006701426
            .500000000 6.57314802 6.56644659 .006701426
 151.356125 .500000000 6.54389585 6.53756731 .006328537
            .500000000 6.54389585 6.53756731 .006328537
 158.489319 .500000000 6.51329648 6.50732699 .005969498
            .500000000 6.51329648 6.50732699 .005969498
 165.958691 .500000000 6.48139975 6.47566148 .005626364
            .500000000 6.48139975 6.47566148 .005626364
 173.780083 .500000000 6.45281475 6.44292554 .005298407
            .500000000 6.45281475 6.44292554 .005298407
 181.970086 .500000000 6.42288257 6.41442339 .004983998
            .500000000 6.42288257 6.41442339 .004983998
 190.546072 .500000000 6.39153974 6.38642391 .004683387
            .500000000 6.39153974 6.38642391 .004683387
 199.526231 .500000000 6.36150197 6.35710485 .004397113
            .500000000 6.36150197 6.35710485 .004397113
 208.929613 .500000000 6.33052825 6.32640403 .004124225
            .500000000 6.33052825 6.32640403 .004124225
 218.776162 .500000000 6.29812029 6.29425632 .003863963
            .500000000 6.29812029 6.29425632 .003863963
 229.086765 .500000000 6.26872653 6.26093439 .003616942
            .500000000 6.26872653 6.26093439 .003616942
 239.883292 .500000000 6.23855538 6.23199470 .003381656
            .500000000 6.23855538 6.23199470 .003381656
 251.188643 .500000000 6.20703652 6.20387758 .003158934
            .500000000 6.20703652 6.20387758 .003158934
 263.026799 .500000000 6.17738333 6.17443535 .002947979
            .500000000 6.17738333 6.17443535 .002947979
 275.422870 .500000000 6.14635515 6.14360555 .002749597
            .500000000 6.14635515 6.14360555 .002749597
 288.403150 .500000000 6.11518167 6.11132278 .002560583
            .500000000 6.11518167 6.11132278 .002560583
 301.995172 .500000000 6.08656618 6.07960795 .002383114
            .500000000 6.08656618 6.07960795 .002383114
 316.227766 .500000000 6.05660210 6.05272212 .002215683
            .500000000 6.05660210 6.05272212 .002215683
 331.131121 .500000000 6.02705504 6.02499676 .002058279
            .500000000 6.02705504 6.02499676 .002058279
 346.736850 .500000000 5.99787491 5.99596475 .001910154
            .500000000 5.99787491 5.99596475 .001910154
 363.078055 .500000000 5.96733571 5.96556450 .001771206
            .500000000 5.96733571 5.96556450 .001771206
 380.189396 .500000000 5.93961664 5.93405215 .001641365
            .500000000 5.93961664 5.93405215 .001641365
 398.107171 .500000000 5.91168514 5.90723895 .001520001
            .500000000 5.91168514 5.90723895 .001520001
 416.869383 .500000000 5.88296031 5.88155402 .001406288
            .500000000 5.88296031 5.88155402 .001406288
 436.515832 .500000000 5.85595880 5.85465859 .001300215
            .500000000 5.85595880 5.85465859 .001300215
 457.088190 .500000000 5.82769673 5.82649562 .001201111
            .500000000 5.82769673 5.82649562 .001201111
 478.630092 .500000000 5.80092339 5.79700644 .001109310
            .500000000 5.80092339 5.79700644 .001109310
 501.187234 .500000000 5.77535105 5.77059420 .001023752
            .500000000 5.77535105 5.77059420 .001023752
 524.807460 .500000000 5.74857353 5.74719721 9.44711E-4
            .500000000 5.74857353 5.74719721 9.44711E-4
 549.540874 .500000000 5.72356878 5.72269755 8.71229E-4
            .500000000 5.72356878 5.72269755 8.71229E-4
 575.439937 .500000000 5.69784640 5.69704327 8.03129E-4
            .500000000 5.69784640 5.69704327 8.03129E-4
 602.559586 .500000000 5.67260348 5.67017993 7.40538E-4
            .500000000 5.67260348 5.67017993 7.40538E-4
 630.957344 .500000000 5.64967667 5.64482746 6.82686E-4
            .500000000 5.64967667 5.64482746 6.82686E-4
 660.693448 .500000000 5.62566936 5.62370879 6.29372E-4
            .500000000 5.62566936 5.62370879 6.29372E-4
 691.830971 .500000000 5.60231307 5.60173247 5.80601E-4
            .500000000 5.60231307 5.60173247 5.80601E-4
 724.435960 .500000000 5.57925603 5.57872044 5.35589E-4
            .500000000 5.57925603 5.57872044 5.35589E-4
 758.577575 .500000000 5.55511840 5.55462389 4.94507E-4
            .500000000 5.55511840 5.55462389 4.94507E-4
 794.328235 .500000000 5.53487000 5.53043707 4.57186E-4
            .500000000 5.53487000 5.53043707 4.57186E-4
 831.763771 .500000000 5.51373657 5.51107870 4.23123E-4
            .500000000 5.51373657 5.51107870 4.23123E-4
 870.963590 .500000000 5.49214527 5.49175305 3.92217E-4
            .500000000 5.49214527 5.49175305 3.92217E-4
 912.010839 .500000000 5.47188106 5.47151662 3.64439E-4
            .500000000 5.47188106 5.47151662 3.64439E-4
 954.992586 .500000000 5.45066598 5.45032648 3.39505E-4
            .500000000 5.45066598 5.45032648 3.39505E-4
 1000.00000 .500000000 5.43044117 5.42813767 3.17318E-4
            .500000000 5.43044117 5.42813767 3.17318E-4
 1047.12855 .500000000 5.41198669 5.40799976 2.97719E-4
            .500000000 5.41198669 5.40799976 2.97719E-4
 1096.47820 .500000000 5.39266247 5.39113273 2.80757E-4
            .500000000 5.39266247 5.39113273 2.80757E-4
 1148.15362 .500000000 5.37375951 5.37349317 2.66345E-4
            .500000000 5.37375951 5.37349317 2.66345E-4
 1202.26443 .500000000 5.35527675 5.35502228 2.54471E-4
            .500000000 5.35527675 5.35502228 2.54471E-4
 1258.92541 .500000000 5.33592622 5.33568088 2.45336E-4
            .500000000 5.33592622 5.33568088 2.45336E-4
 1318.25674 .500000000 5.31590566 5.31542796 2.38998E-4
            .500000000 5.31590566 5.31542796 2.38998E-4
 1380.38426 .500000000 5.29815242 5.29489671 2.35775E-4
            .500000000 5.29815242 5.29489671 2.35775E-4
 1445.43977 .500000000 5.27956249 5.27637492 2.36291E-4
            .500000000 5.27956249 5.27637492 2.36291E-4
 1513.56125 .500000000 5.26009645 5.25733015 2.41106E-4
            .500000000 5.26009645 5.25733015 2.41106E-4
 1584.89319 .500000000 5.23971300 5.23738784 2.51498E-4
            .500000000 5.23971300 5.23738784 2.51498E-4
 1659.58691 .500000000 5.21836891 5.21650566 2.69429E-4
            .500000000 5.21836891 5.21650566 2.69429E-4
 1737.80083 .500000000 5.19601890 5.19463935 2.98106E-4
            .500000000 5.19601890 5.19463935 2.98106E-4
 1819.70086 .500000000 5.17261557 5.17174250 3.42897E-4
            .500000000 5.17261557 5.17174250 3.42897E-4
 1905.46072 .500000000 5.14818092 5.14776656 4.14354E-4
            .500000000 5.14818092 5.14776656 4.14354E-4
 1995.26231 .500000000 5.12303495 5.12250163 5.33326E-4
            .500000000 5.12303495 5.12250163 5.33326E-4
 2089.29613 .500000000 5.08747687 5.08623237 7.47750E-4
            .500000000 5.08747687 5.08623237 7.47750E-4
 2187.76162 .500000000 5.04123058 5.04004000 .001190581
            .500000000 5.04123058 5.04004000 .001190581
 2290.86765 .500000000 4.96522797 4.96272646 .002357428
            .500000000 4.96522797 4.96272646 .002357428
 2398.83292 .500000000 4.70330836 4.69155232 .011398866
            .500000000 4.87718695 4.87302796 .004158803
 2511.88643 .832127650 4.39627888 4.17695838 .219320500
            .167872350 138.836672 110.746735 28.0899374
 2630.26799 .782029430 5.72749077 5.70946761 .018023164
            .217970570 7.11217989 6.95151009 .160669806
 2754.22870 .500000000 5.31895788 5.31635322 .002604657
            .500000000 5.43628928 5.43077851 .005510772
 2884.03150 .500000000 5.23523298 5.23261179 .001520479
            .500000000 5.23523298 5.23261179 .001520479
 3019.95172 .500000000 5.12732190 5.12606563 8.53660E-4
            .500000000 5.12732190 5.12606563 8.53660E-4
 3162.27766 .500000000 4.84015472 4.83902212 .001119476
            .500000000 5.04133156 5.04065876 6.61786E-4
 3311.31121 .887591251 4.56682078 4.54896152 .017859158
            .112408749 51.5683077 48.9366533 2.63073310
 3467.36850 .500000000 5.34826744 5.34794186 3.25578E-4
            .500000000 5.52545981 5.52469638 7.63436E-4
 3630.78055 .500000000 5.27749582 5.27725466 2.41158E-4
            .500000000 5.27749582 5.27725466 2.41158E-4
 3801.89396 .500000000 5.21911473 5.21894483 1.69900E-4
            .500000000 5.21911473 5.21894483 1.69900E-4
 3981.07171 .500000000 5.18089152 5.18030362 1.35190E-4
            .500000000 5.18089152 5.18030362 1.35190E-4
 4168.69383 .500000000 5.15576231 5.15564478 1.17524E-4
            .500000000 5.15576231 5.15564478 1.17524E-4
 4365.15832 .500000000 5.13154524 5.13142139 1.23851E-4
            .500000000 5.13154524 5.13142139 1.23851E-4
 4570.88190 .974816661 5.12819192 5.11040172 .017005493
            .025183339 10.9468884 5.46354466 5.48318099
 4786.30092 .500000000 5.09553693 5.09357849 .001958442
            .500000000 5.09553693 5.09357849 .001958442
 5011.87234 .500000000 5.07699876 5.07689914 9.96244E-5
            .500000000 5.07699876 5.07689914 9.96244E-5
 5248.07460 .500000000 5.05953768 5.05943992 9.77658E-5
            .500000000 5.05953768 5.05943992 9.77658E-5
 5495.40874 .974744819 5.07172861 5.05707286 .014655749
            .025255181 20.3600123 12.9485320 7.41148031
 5754.39937 .500000000 5.02482570 5.02450490 3.20803E-4
            .500000000 5.02482570 5.02450490 3.20803E-4
 6025.59586 .500000000 5.00363713 5.00356644 7.06883E-5
            .500000000 5.00363713 5.00356644 7.06883E-5
 6309.57344 .500000000 4.98169977 4.98164118 5.85850E-5
            .500000000 4.98169977 4.98164118 5.85850E-5
 6606.93448 .500000000 4.95874016 4.95868262 5.75363E-5
            .500000000 4.95874016 4.95868262 5.75363E-5
 6918.30971 .500000000 4.93343382 4.93263107 7.53384E-5
            .500000000 4.93343382 4.93263107 7.53384E-5
 7244.35960 .973948835 4.91682729 4.91115076 .005494250
            .026051165 14.7371400 13.3384843 1.39865557
 7585.77575 .500000000 4.93559208 4.93548075 9.89791E-5
            .500000000 4.93559208 4.93548075 9.89791E-5
 7943.28235 .500000000 4.88558661 4.88549771 7.93899E-5
            .500000000 4.88558661 4.88549771 7.93899E-5
 8317.63771 .500000000 4.84065974 4.84051576 1.04212E-4
            .500000000 4.84065974 4.84051576 1.04212E-4
 8709.63590 .500000000 4.79365406 4.79339169 2.17635E-4
            .500000000 4.79365406 4.79339169 2.17635E-4
 9120.10839 .955973178 4.90659044 4.89638802 .010172849
            .044026822 57.7206061 55.2315493 2.48677533
 9549.92586 .934876488 4.49482702 4.49046674 .004360280
            .065123512 22.7030805 21.4960107 1.20706982
 10000.0000 .500000000 4.64607797 4.64489372 2.81953E-4
            .500000000 4.76880272 4.76850228 2.99989E-4
 10471.2855 .979606065 4.49466785 4.49217788 .002232726
            .020393935 14.3477762 13.5485324 .798855923
 10964.7820 .721155314 3.96791779 3.96494830 .002969492
            .278844686 4.39083664 4.38611704 .004719599
 11481.5362 .773731114 7.90460609 7.89997329 .004632807
            .226268886 48.1395768 47.6687413 .470835526
 12022.6443 .636800691 5.52958732 5.52853343 .001032524
            .363199309 6.05715536 6.05599733 .001155174
 12589.2541 .917325171 5.61534361 5.59634139 .019002193
            .082674829 29.0784615 27.9634210 1.11479930
 13182.5674 .952839998 4.66044815 4.65625797 .004029178
            .047160002 21.2993695 20.6054015 .693904847
 13803.8426 .953522529 5.18468445 5.17610199 .008582462
            .046477471 23.6936149 22.7875114 .906103510
 14454.3977 .993660000 4.27399478 4.25391761 .019927449
            .006340000 14.2324406 10.6744671 3.55792351
 15135.6125 .803986262 6.79883250 6.79369220 .005140303
            .196013738 28.4480693 28.3548666 .093202700
 15848.9319 .847600000 5.53238430 5.53213040 1.84973E-4
            .152400000 5.95403281 5.93242859 .021716796
 16595.8691 .978710000 5.29566496 5.29555091 1.14056E-4
            .021290000 6.00738614 5.69594743 .311438712
 17378.0083 .500000000 5.17206172 5.17195489 1.06829E-4
            .500000000 5.17206172 5.17195489 1.06829E-4
 18197.0086 .984420000 5.08959764 5.08934462 1.07983E-4
            .015580000 5.76316294 5.45956001 .305135403
 19054.6072 .500000000 5.03402652 5.03366287 3.63654E-4
            .500000000 5.03402652 5.03366287 3.63654E-4
 19952.6231 .939856499 5.19470182 5.18748085 .007220969
            .060143501 21.3091121 20.7866689 .522443234
 20892.9613 .500000000 4.94736184 4.94524046 .001971855
            .500000000 4.94736184 4.94524046 .001971855
 21877.6162 .949210000 5.08006379 5.07643803 .003625765
            .050790000 6.61911472 6.50243711 .116677617
 22908.6765 .881462555 5.20883024 5.19890491 .009925329
            .118537445 39.1788428 38.7325933 .446249465
 23988.3292 .814308335 5.69643429 5.68286114 .013554434
            .185691665 42.3386116 42.0107436 .327848099
 25118.8643 .158239844 2.10652943 2.10516627 .001363156
            .841760156 4.05918390 4.05818325 .001000660
 26302.6799 .741016142 4.33725405 4.33281780 .004360278
            .258983858 20.4428883 20.4036365 .039251759
 27542.2870 .960829527 4.46321416 4.45751859 .005695571
            .039170473 13.7329786 13.0146184 .718360184
 28840.3150 .589684163 5.81967962 5.80506097 .014582024
            .410315837 34.8111632 34.6931727 .117936379
 30199.5172 .863335988 6.21416348 6.21335829 7.90885E-4
            .136664012 9.86393191 9.82907261 .034779132
 31622.7766 .963034677 5.66972968 5.66810882 .001620864
            .036965323 32.0535670 31.8358219 .217745161
 33113.1121 .909091942 5.32454522 5.32141232 .003132896
            .090908058 7.13093354 7.08176104 .049172505
 34673.6850 .813522611 6.05572582 6.04768390 .008041927
            .186477389 30.9780274 30.9178192 .060208218
 36307.8055 .428210000 4.01006970 4.00925714 2.18521E-4
            .571790000 5.09006082 5.07819562 .009741881
 38018.9396 .881233265 4.72540319 4.72251699 .002886200
            .118766735 19.7701315 19.4058507 .364280752
 39810.7171 .951649329 4.11436740 4.11142001 .002947385
            .048350671 22.4307494 22.2631747 .167574745
 41686.9383 .538142563 2.95327998 2.95178027 .001470397
            .461857437 14.4969668 14.4841603 .012806532
 43651.5832 .980944360 5.20727840 5.20533950 .001908451
            .019055640 9.27105097 9.15006917 .120981775
 45708.8190 .971660000 4.81760500 4.81750532 9.96857E-5
            .028340000 5.74334764 5.62477759 .118570050
 47863.0092 .290594358 4.14025064 4.13971059 5.40056E-4
            .709405642 4.53893360 4.53876165 1.71954E-4
 50118.7234 .835421460 4.42618184 4.41409240 .012089447
            .164578540 20.8412216 20.6928044 .148417174
 52480.7460 .696376783 7.52625017 7.52205639 .004155559
            .303623217 16.3713975 16.3384665 .032930985
 54954.0874 .728748621 5.81649315 5.80989110 .006526438
            .271251379 22.2890969 22.2081186 .080813639
 57543.9937 .951140000 5.71184425 5.71147910 2.40833E-4
            .048860000 6.60977414 6.52755352 .082414590
 60255.9586 .804834225 6.29917934 6.29172248 .007436244
            .195165775 34.9315354 34.8506335 .080901863
 63095.7344 .724200046 4.29489892 4.29131744 .003576448
            .275799954 15.0869914 15.0590657 .027792073
 66069.3448 .660731440 3.98392613 3.98236799 .001558145
            .339268560 22.4690236 22.4454804 .023543171
 69183.0971 .884738258 5.44288493 5.43776801 .005116912
            .115261742 18.6387523 18.5734704 .065281902
 72443.5960 .868530631 5.60433619 5.60017368 .004162516
            .131469369 19.7458628 19.6703761 .075486744
 75857.7575 .513804422 4.77822300 4.76991731 .008305696
            .486195578 18.2915125 18.2685009 .023011666
 79432.8235 .502231396 2.85948669 2.85863379 8.47229E-4
            .497768604 5.84781970 5.84544143 .002370628
 83176.3771 .741644764 7.36495073 7.36163266 .003318072
            .258355236 26.5227033 26.4663096 .056393681
 87096.3590 .884176769 6.07626327 6.07277420 .003398094
            .115823231 25.7350933 25.7055481 .029472396
 91201.0839 .844823807 5.68261089 5.67900495 .003605940
            .155176193 17.6194709 17.5760725 .043398454
 95499.2586 .500000000 5.60695118 5.59925365 .007483722
            .500000000 5.60695118 5.59925365 .007483722
 100000.000 .500000000 0.0        0.0        0.0       
            .500000000 0.0        0.0        0.0       
 104712.855 .500000000 0.0        0.0        0.0       
            .500000000 0.0        0.0        0.0       
 109647.820 .500000000 0.0        0.0        0.0       
            .500000000 0.0        0.0        0.0       
 114815.362 .500000000 0.0        0.0        0.0       
            .500000000 0.0        0.0        0.0       
 120226.443 .500000000 0.0        0.0        0.0       
            .500000000 0.0        0.0        0.0       
 125892.541 .500000000 0.0        0.0        0.0       
            .500000000 0.0        0.0        0.0       
 131825.674 .500000000 0.0        0.0        0.0       
            .500000000 0.0        0.0        0.0       
 138038.426 .500000000 0.0        0.0        0.0       
            .500000000 0.0        0.0        0.0       
 144543.977 .500000000 0.0        0.0        0.0       
            .500000000 0.0        0.0        0.0       
 151356.125 .500000000 0.0        0.0        0.0       
            .500000000 0.0        0.0        0.0       
 158489.319 .500000000 0.0        0.0        0.0       
            .500000000 0.0        0.0        0.0       
 165958.691 .500000000 0.0        0.0        0.0       
            .500000000 0.0        0.0        0.0       
 173780.083 .500000000 0.0        0.0        0.0       
            .500000000 0.0        0.0        0.0       
 181970.086 .500000000 0.0        0.0        0.0       
            .500000000 0.0        0.0        0.0       
 190546.072 .500000000 0.0        0.0        0.0       
            .500000000 0.0        0.0        0.0       
 199526.231 .500000000 0.0        0.0        0.0       
            .500000000 0.0        0.0        0.0       
 208929.613 .500000000 0.0        0.0        0.0       
            .500000000 0.0        0.0        0.0       
 218776.162 .500000000 0.0        0.0        0.0       
            .500000000 0.0        0.0        0.0       
 229086.765 .500000000 0.0        0.0        0.0       
            .500000000 0.0        0.0        0.0       
 239883.292 .500000000 0.0        0.0        0.0       
            .500000000 0.0        0.0        0.0       
 251188.643 .500000000 0.0        0.0        0.0       
            .500000000 0.0        0.0        0.0       
 263026.799 .500000000 0.0        0.0        0.0       
            .500000000 0.0        0.0        0.0       
 275422.870 .500000000 0.0        0.0        0.0       
            .500000000 0.0        0.0        0.0       
 288403.150 .500000000 0.0        0.0        0.0       
            .500000000 0.0        0.0        0.0       
 301995.172 .500000000 0.0        0.0        0.0       
            .500000000 0.0        0.0        0.0       
 316227.766 .500000000 0.0        0.0        0.0       
            .500000000 0.0        0.0        0.0       
 331131.121 .500000000 0.0        0.0        0.0       
            .500000000 0.0        0.0        0.0       
 346736.850 .500000000 0.0        0.0        0.0       
            .500000000 0.0        0.0        0.0       
 363078.055 .500000000 0.0        0.0        0.0       
            .500000000 0.0        0.0        0.0       
 380189.396 .500000000 0.0        0.0        0.0       
            .500000000 0.0        0.0        0.0       
 398107.171 .500000000 0.0        0.0        0.0       
            .500000000 0.0        0.0        0.0       
 416869.383 .500000000 0.0        0.0        0.0       
            .500000000 0.0        0.0        0.0       
 436515.832 .500000000 0.0        0.0        0.0       
            .500000000 0.0        0.0        0.0       
 457088.190 .500000000 0.0        0.0        0.0       
            .500000000 0.0        0.0        0.0       
 478630.092 .500000000 0.0        0.0        0.0       
            .500000000 0.0        0.0        0.0       
 501187.234 .500000000 0.0        0.0        0.0       
            .500000000 0.0        0.0        0.0       
 524807.460 .500000000 0.0        0.0        0.0       
            .500000000 0.0        0.0        0.0       
 549540.874 .500000000 0.0        0.0        0.0       
            .500000000 0.0        0.0        0.0       
 575439.937 .500000000 0.0        0.0        0.0       
            .500000000 0.0        0.0        0.0       
 602559.586 .500000000 0.0        0.0        0.0       
            .500000000 0.0        0.0        0.0       
 630957.344 .500000000 0.0        0.0        0.0       
            .500000000 0.0        0.0        0.0       
 660693.448 .500000000 0.0        0.0        0.0       
            .500000000 0.0        0.0        0.0       
 691830.971 .500000000 0.0        0.0        0.0       
            .500000000 0.0        0.0        0.0       
 724435.960 .500000000 0.0        0.0        0.0       
            .500000000 0.0        0.0        0.0       
 758577.575 .500000000 0.0        0.0        0.0       
            .500000000 0.0        0.0        0.0       
 794328.235 .500000000 0.0        0.0        0.0       
            .500000000 0.0        0.0        0.0       
 831763.771 .500000000 0.0        0.0        0.0       
            .500000000 0.0        0.0        0.0       
 870963.590 .500000000 0.0        0.0        0.0       
            .500000000 0.0        0.0        0.0       
 912010.839 .500000000 0.0        0.0        0.0       
            .500000000 0.0        0.0        0.0       
 954992.586 .500000000 0.0        0.0        0.0       
            .500000000 0.0        0.0        0.0       
 1000000.00 .500000000 0.0        0.0        0.0       
            .500000000 0.0        0.0        0.0       
 1047128.55 .500000000 0.0        0.0        0.0       
            .500000000 0.0        0.0        0.0       
 1096478.20 .500000000 0.0        0.0        0.0       
            .500000000 0.0        0.0        0.0       
 1148153.62 .500000000 0.0        0.0        0.0       
            .500000000 0.0        0.0        0.0       
 1202264.43 .500000000 0.0        0.0        0.0       
            .500000000 0.0        0.0        0.0       
 1258925.41 .500000000 0.0        0.0        0.0       
            .500000000 0.0        0.0        0.0       
 1318256.74 .500000000 0.0        0.0        0.0       
            .500000000 0.0        0.0        0.0       
 1380384.26 .500000000 0.0        0.0        0.0       
            .500000000 0.0        0.0        0.0       
 1445439.77 .500000000 0.0        0.0        0.0       
            .500000000 0.0        0.0        0.0       
 1513561.25 .500000000 0.0        0.0        0.0       
            .500000000 0.0        0.0        0.0       
 1584893.19 .500000000 0.0        0.0        0.0       
            .500000000 0.0        0.0        0.0       
 1659586.91 .500000000 0.0        0.0        0.0       
            .500000000 0.0        0.0        0.0       
 1737800.83 .500000000 0.0        0.0        0.0       
            .500000000 0.0        0.0        0.0       
 1819700.86 .500000000 0.0        0.0        0.0       
            .500000000 0.0        0.0        0.0       
 1905460.72 .500000000 0.0        0.0        0.0       
            .500000000 0.0        0.0        0.0       
 1995262.31 .500000000 0.0        0.0        0.0       
            .500000000 0.0        0.0        0.0       
 2089296.13 .500000000 0.0        0.0        0.0       
            .500000000 0.0        0.0        0.0       
 2187761.62 .500000000 0.0        0.0        0.0       
            .500000000 0.0        0.0        0.0       
 2290867.65 .500000000 0.0        0.0        0.0       
            .500000000 0.0        0.0        0.0       
 2398832.92 .500000000 0.0        0.0        0.0       
            .500000000 0.0        0.0        0.0       
 2511886.43 .500000000 0.0        0.0        0.0       
            .500000000 0.0        0.0        0.0       
 2630267.99 .500000000 0.0        0.0        0.0       
            .500000000 0.0        0.0        0.0       
 2754228.70 .500000000 0.0        0.0        0.0       
            .500000000 0.0        0.0        0.0       
 2884031.50 .500000000 0.0        0.0        0.0       
            .500000000 0.0        0.0        0.0       
 3019951.72 .500000000 0.0        0.0        0.0       
            .500000000 0.0        0.0        0.0       
 3162277.66 .500000000 0.0        0.0        0.0       
            .500000000 0.0        0.0        0.0       
 3311311.21 .500000000 0.0        0.0        0.0       
            .500000000 0.0        0.0        0.0       
 3467368.50 .500000000 0.0        0.0        0.0       
            .500000000 0.0        0.0        0.0       
 3630780.55 .500000000 0.0        0.0        0.0       
            .500000000 0.0        0.0        0.0       
 3801893.96 .500000000 0.0        0.0        0.0       
            .500000000 0.0        0.0        0.0       
 3981071.71 .500000000 0.0        0.0        0.0       
            .500000000 0.0        0.0        0.0       
 4168693.83 .500000000 0.0        0.0        0.0       
            .500000000 0.0        0.0        0.0       
 4365158.32 .500000000 0.0        0.0        0.0       
            .500000000 0.0        0.0        0.0       
 4570881.90 .500000000 0.0        0.0        0.0       
            .500000000 0.0        0.0        0.0       
 4786300.92 .500000000 0.0        0.0        0.0       
            .500000000 0.0        0.0        0.0       
 5011872.34 .500000000 0.0        0.0        0.0       
            .500000000 0.0        0.0        0.0       
 5248074.60 .500000000 0.0        0.0        0.0       
            .500000000 0.0        0.0        0.0       
 5495408.74 .500000000 0.0        0.0        0.0       
            .500000000 0.0        0.0        0.0       
 5754399.37 .500000000 0.0        0.0        0.0       
            .500000000 0.0        0.0        0.0       
 6025595.86 .500000000 0.0        0.0        0.0       
            .500000000 0.0        0.0        0.0       
 6309573.44 .500000000 0.0        0.0        0.0       
            .500000000 0.0        0.0        0.0       
 6606934.48 .500000000 0.0        0.0        0.0       
            .500000000 0.0        0.0        0.0       
 6918309.71 .500000000 0.0        0.0        0.0       
            .500000000 0.0        0.0        0.0       
 7244359.60 .500000000 0.0        0.0        0.0       
            .500000000 0.0        0.0        0.0       
 7585775.75 .500000000 0.0        0.0        0.0       
            .500000000 0.0        0.0        0.0       
 7943282.35 .500000000 0.0        0.0        0.0       
            .500000000 0.0        0.0        0.0       
 8317637.71 .500000000 0.0        0.0        0.0       
            .500000000 0.0        0.0        0.0       
 8709635.90 .500000000 0.0        0.0        0.0       
            .500000000 0.0        0.0        0.0       
 9120108.39 .500000000 0.0        0.0        0.0       
            .500000000 0.0        0.0        0.0       
 9549925.86 .500000000 0.0        0.0        0.0       
            .500000000 0.0        0.0        0.0       
 10000000.0 .500000000 0.0        0.0        0.0       
            .500000000 0.0        0.0        0.0       
 10471285.5 .500000000 0.0        0.0        0.0       
            .500000000 0.0        0.0        0.0       
 10964782.0 .500000000 0.0        0.0        0.0       
            .500000000 0.0        0.0        0.0       
 11481536.2 .500000000 0.0        0.0        0.0       
            .500000000 0.0        0.0        0.0       
 12022644.3 .500000000 0.0        0.0        0.0       
            .500000000 0.0        0.0        0.0       
 12589254.1 .500000000 0.0        0.0        0.0       
            .500000000 0.0        0.0        0.0       
 13182567.4 .500000000 0.0        0.0        0.0       
            .500000000 0.0        0.0        0.0       
 13803842.6 .500000000 0.0        0.0        0.0       
            .500000000 0.0        0.0        0.0       
 14454397.7 .500000000 0.0        0.0        0.0       
            .500000000 0.0        0.0        0.0       
 15135612.5 .500000000 0.0        0.0        0.0       
            .500000000 0.0        0.0        0.0       
 15848931.9 .500000000 0.0        0.0        0.0       
            .500000000 0.0        0.0        0.0       
 16595869.1 .500000000 0.0        0.0        0.0       
            .500000000 0.0        0.0        0.0       
 17378008.3 .500000000 0.0        0.0        0.0       
            .500000000 0.0        0.0        0.0       
 18197008.6 .500000000 0.0        0.0        0.0       
            .500000000 0.0        0.0        0.0       
 19054607.2 .500000000 0.0        0.0        0.0       
            .500000000 0.0        0.0        0.0       
 19952623.1 .500000000 0.0        0.0        0.0       
            .500000000 0.0        0.0        0.0       
 20892961.3 .500000000 0.0        0.0        0.0       
            .500000000 0.0        0.0        0.0       
 21877616.2 .500000000 0.0        0.0        0.0       
            .500000000 0.0        0.0        0.0       
 22908676.5 .500000000 0.0        0.0        0.0       
            .500000000 0.0        0.0        0.0       
 23988329.2 .500000000 0.0        0.0        0.0       
            .500000000 0.0        0.0        0.0       
 25118864.3 .500000000 0.0        0.0        0.0       
            .500000000 0.0        0.0        0.0       
 26302679.9 .500000000 0.0        0.0        0.0       
            .500000000 0.0        0.0        0.0       
 27542287.0 .500000000 0.0        0.0        0.0       
            .500000000 0.0        0.0        0.0       
 28840315.0 .500000000 0.0        0.0        0.0       
            .500000000 0.0        0.0        0.0       
 30199517.2 .500000000 0.0        0.0        0.0       
            .500000000 0.0        0.0        0.0       
 31622776.6 .500000000 0.0        0.0        0.0       
            .500000000 0.0        0.0        0.0       
 33113112.1 .500000000 0.0        0.0        0.0       
            .500000000 0.0        0.0        0.0       
 34673685.0 .500000000 0.0        0.0        0.0       
            .500000000 0.0        0.0        0.0       
 36307805.5 .500000000 0.0        0.0        0.0       
            .500000000 0.0        0.0        0.0       
 38018939.6 .500000000 0.0        0.0        0.0       
            .500000000 0.0        0.0        0.0       
 39810717.1 .500000000 0.0        0.0        0.0       
            .500000000 0.0        0.0        0.0       
 41686938.3 .500000000 0.0        0.0        0.0       
            .500000000 0.0        0.0        0.0       
 43651583.2 .500000000 0.0        0.0        0.0       
            .500000000 0.0        0.0        0.0       
 45708819.0 .500000000 0.0        0.0        0.0       
            .500000000 0.0        0.0        0.0       
 47863009.2 .500000000 0.0        0.0        0.0       
            .500000000 0.0        0.0        0.0       
 50118723.4 .500000000 0.0        0.0        0.0       
            .500000000 0.0        0.0        0.0       
 52480746.0 .500000000 0.0        0.0        0.0       
            .500000000 0.0        0.0        0.0       
 54954087.4 .500000000 0.0        0.0        0.0       
            .500000000 0.0        0.0        0.0       
 57543993.7 .500000000 0.0        0.0        0.0       
            .500000000 0.0        0.0        0.0       
 60255958.6 .500000000 0.0        0.0        0.0       
            .500000000 0.0        0.0        0.0       
 63095734.4 .500000000 0.0        0.0        0.0       
            .500000000 0.0        0.0        0.0       
 66069344.8 .500000000 0.0        0.0        0.0       
            .500000000 0.0        0.0        0.0       
 69183097.1 .500000000 0.0        0.0        0.0       
            .500000000 0.0        0.0        0.0       
 72443596.0 .500000000 0.0        0.0        0.0       
            .500000000 0.0        0.0        0.0       
 75857757.5 .500000000 0.0        0.0        0.0       
            .500000000 0.0        0.0        0.0       
 79432823.5 .500000000 0.0        0.0        0.0       
            .500000000 0.0        0.0        0.0       
 83176377.1 .500000000 0.0        0.0        0.0       
            .500000000 0.0        0.0        0.0       
 87096359.0 .500000000 0.0        0.0        0.0       
            .500000000 0.0        0.0        0.0       
 91201083.9 .500000000 0.0        0.0        0.0       
            .500000000 0.0        0.0        0.0       
 95499258.6 .500000000 0.0        0.0        0.0       
            .500000000 0.0        0.0        0.0       
 100000000. .500000000 0.0        0.0        0.0       
            .500000000 0.0        0.0        0.0       
 104712855. .500000000 0.0        0.0        0.0       
            .500000000 0.0        0.0        0.0       
 109647820. .500000000 0.0        0.0        0.0       
            .500000000 0.0        0.0        0.0       
 114815362. .500000000 0.0        0.0        0.0       
            .500000000 0.0        0.0        0.0       
 120226443. .500000000 0.0        0.0        0.0       
            .500000000 0.0        0.0        0.0       
 125892541. .500000000 0.0        0.0        0.0       
            .500000000 0.0        0.0        0.0       
 131825674. .500000000 0.0        0.0        0.0       
            .500000000 0.0        0.0        0.0       
 138038426. .500000000 0.0        0.0        0.0       
            .500000000 0.0        0.0        0.0       
 144543977. .500000000 0.0        0.0        0.0       
            .500000000 0.0        0.0        0.0       
 151356125. .500000000 0.0        0.0        0.0       
            .500000000 0.0        0.0        0.0       
 158489319. .500000000 0.0        0.0        0.0       
            .500000000 0.0        0.0        0.0       
 165958691. .500000000 0.0        0.0        0.0       
            .500000000 0.0        0.0        0.0       
 173780083. .500000000 0.0        0.0        0.0       
            .500000000 0.0        0.0        0.0       
 181970086. .500000000 0.0        0.0        0.0       
            .500000000 0.0        0.0        0.0       
 190546072. .500000000 0.0        0.0        0.0       
            .500000000 0.0        0.0        0.0       
 199526231. .500000000 0.0        0.0        0.0       
            .500000000 0.0        0.0        0.0       
 208929613. .500000000 0.0        0.0        0.0       
            .500000000 0.0        0.0        0.0       
 218776162. .500000000 0.0        0.0        0.0       
            .500000000 0.0        0.0        0.0       
 229086765. .500000000 0.0        0.0        0.0       
            .500000000 0.0        0.0        0.0       
 239883292. .500000000 0.0        0.0        0.0       
            .500000000 0.0        0.0        0.0       
 251188643. .500000000 0.0        0.0        0.0       
            .500000000 0.0        0.0        0.0       
 263026799. .500000000 0.0        0.0        0.0       
            .500000000 0.0        0.0        0.0       
 275422870. .500000000 0.0        0.0        0.0       
            .500000000 0.0        0.0        0.0       
 288403150. .500000000 0.0        0.0        0.0       
            .500000000 0.0        0.0        0.0       
 301995172. .500000000 0.0        0.0        0.0       
            .500000000 0.0        0.0        0.0       
 316227766. .500000000 0.0        0.0        0.0       
            .500000000 0.0        0.0        0.0       
 331131121. .500000000 0.0        0.0        0.0       
            .500000000 0.0        0.0        0.0       
 346736850. .500000000 0.0        0.0        0.0       
            .500000000 0.0        0.0        0.0       
 363078055. .500000000 0.0        0.0        0.0       
            .500000000 0.0        0.0        0.0       
 380189396. .500000000 0.0        0.0        0.0       
            .500000000 0.0        0.0        0.0       
 398107171. .500000000 0.0        0.0        0.0       
            .500000000 0.0        0.0        0.0       
 416869383. .500000000 0.0        0.0        0.0       
            .500000000 0.0        0.0        0.0       
 436515832. .500000000 0.0        0.0        0.0       
            .500000000 0.0        0.0        0.0       
 457088190. .500000000 0.0        0.0        0.0       
            .500000000 0.0        0.0        0.0       
 478630092. .500000000 0.0        0.0        0.0       
            .500000000 0.0        0.0        0.0       
 501187234. .500000000 0.0        0.0        0.0       
            .500000000 0.0        0.0        0.0       
 524807460. .500000000 0.0        0.0        0.0       
            .500000000 0.0        0.0        0.0       
 549540874. .500000000 0.0        0.0        0.0       
            .500000000 0.0        0.0        0.0       
 575439937. .500000000 0.0        0.0        0.0       
            .500000000 0.0        0.0        0.0       
 602559586. .500000000 0.0        0.0        0.0       
            .500000000 0.0        0.0        0.0       
 630957344. .500000000 0.0        0.0        0.0       
            .500000000 0.0        0.0        0.0       
 660693448. .500000000 0.0        0.0        0.0       
            .500000000 0.0        0.0        0.0       
 691830971. .500000000 0.0        0.0        0.0       
            .500000000 0.0        0.0        0.0       
 724435960. .500000000 0.0        0.0        0.0       
            .500000000 0.0        0.0        0.0       
 758577575. .500000000 0.0        0.0        0.0       
            .500000000 0.0        0.0        0.0       
 794328235. .500000000 0.0        0.0        0.0       
            .500000000 0.0        0.0        0.0       
 831763771. .500000000 0.0        0.0        0.0       
            .500000000 0.0        0.0        0.0       
 870963590. .500000000 0.0        0.0        0.0       
            .500000000 0.0        0.0        0.0       
 912010839. .500000000 0.0        0.0        0.0       
            .500000000 0.0        0.0        0.0       
 954992586. .500000000 0.0        0.0        0.0       
            .500000000 0.0        0.0        0.0       
 1.00000E+9
