# p + Fe57 Total cross sections
# 
# 
# # energies =    24
#     E      Non-elastic    Elastic     Total     Comp. el.   Shape el.   Reaction   Comp. nonel   Direct    Pre-equil.  Dir. Capt.
 1.00000E+00 2.98961E-03 9.40315E-05 0.00000E+00 9.40315E-05 0.00000E+00 3.08364E-03 2.98961E-03 1.43234E-13 0.00000E+00 0.00000E+00
 2.00000E+00 1.78867E+00 9.01771E-01 0.00000E+00 9.01771E-01 0.00000E+00 2.69044E+00 1.78865E+00 2.35449E-05 0.00000E+00 0.00000E+00
 3.00000E+00 3.02333E+01 1.55018E+01 0.00000E+00 1.55018E+01 0.00000E+00 4.57351E+01 2.99217E+01 3.11076E-01 4.62340E-04 0.00000E+00
 4.00000E+00 1.66208E+02 2.37446E+01 0.00000E+00 2.37446E+01 0.00000E+00 1.89953E+02 1.62702E+02 3.50333E+00 3.52086E-03 0.00000E+00
 5.00000E+00 3.59966E+02 2.19075E+01 0.00000E+00 2.19075E+01 0.00000E+00 3.81873E+02 3.45856E+02 1.33819E+01 7.22285E-01 0.00000E+00
 6.00000E+00 5.28124E+02 1.61857E+01 0.00000E+00 1.61857E+01 0.00000E+00 5.44310E+02 4.98753E+02 2.56626E+01 3.59652E+00 0.00000E+00
 8.00000E+00 7.17327E+02 5.68178E+00 0.00000E+00 5.68178E+00 0.00000E+00 7.23009E+02 6.58770E+02 3.78284E+01 1.90795E+01 0.00000E+00
 1.00000E+01 8.49760E+02 1.66352E+00 0.00000E+00 1.66352E+00 0.00000E+00 8.51424E+02 7.52136E+02 4.34508E+01 5.00734E+01 0.00000E+00
 1.20000E+01 9.48873E+02 3.04512E-01 0.00000E+00 3.04512E-01 0.00000E+00 9.49178E+02 7.96787E+02 4.82807E+01 9.61340E+01 0.00000E+00
 1.40000E+01 1.01393E+03 8.27856E-02 0.00000E+00 8.27856E-02 0.00000E+00 1.01401E+03 7.96890E+02 5.05121E+01 1.52229E+02 0.00000E+00
 1.60000E+01 1.06042E+03 2.18421E-02 0.00000E+00 2.18421E-02 0.00000E+00 1.06044E+03 7.75815E+02 4.99381E+01 2.16106E+02 0.00000E+00
 1.80000E+01 1.08839E+03 5.64596E-03 0.00000E+00 5.64596E-03 0.00000E+00 1.08840E+03 7.37248E+02 4.80929E+01 2.82597E+02 0.00000E+00
 2.00000E+01 1.10246E+03 1.45024E-03 0.00000E+00 1.45024E-03 0.00000E+00 1.10246E+03 6.88300E+02 4.57195E+01 3.46852E+02 0.00000E+00
 2.50000E+01 1.11915E+03 5.60429E-05 0.00000E+00 5.60429E-05 0.00000E+00 1.11915E+03 5.61016E+02 4.03507E+01 4.92952E+02 0.00000E+00
 3.00000E+01 1.11076E+03 2.81414E-06 0.00000E+00 2.81414E-06 0.00000E+00 1.11076E+03 4.37972E+02 3.59005E+01 6.08858E+02 0.00000E+00
 3.50000E+01 1.08628E+03 2.57792E-07 0.00000E+00 2.57792E-07 0.00000E+00 1.08628E+03 3.32401E+02 3.24501E+01 6.90468E+02 0.00000E+00
 4.00000E+01 1.05794E+03 1.10860E-07 0.00000E+00 1.10860E-07 0.00000E+00 1.05794E+03 2.48682E+02 2.98774E+01 7.45479E+02 0.00000E+00
 4.50000E+01 1.02749E+03 1.00854E-07 0.00000E+00 1.00854E-07 0.00000E+00 1.02749E+03 1.83334E+02 2.79751E+01 7.80203E+02 0.00000E+00
 5.00000E+01 9.97197E+02 1.00076E-07 0.00000E+00 1.00076E-07 0.00000E+00 9.97197E+02 1.33911E+02 2.52878E+01 8.01153E+02 0.00000E+00
 6.00000E+01 9.41087E+02 1.00001E-07 0.00000E+00 1.00001E-07 0.00000E+00 9.41087E+02 6.41696E+01 2.14859E+01 8.20321E+02 0.00000E+00
 7.00000E+01 8.92627E+02 1.00000E-07 0.00000E+00 1.00000E-07 0.00000E+00 8.92627E+02 1.85785E+01 1.79547E+01 8.24885E+02 0.00000E+00
 8.00000E+01 8.51755E+02 9.82519E-08 0.00000E+00 9.82519E-08 0.00000E+00 8.51755E+02 0.00000E+00 1.49065E+01 8.10125E+02 0.00000E+00
 9.00000E+01 8.17522E+02 9.57269E-08 0.00000E+00 9.57269E-08 0.00000E+00 8.17522E+02 0.00000E+00 1.23102E+01 7.82817E+02 0.00000E+00
 1.00000E+02 7.88782E+02 9.36110E-08 0.00000E+00 9.36110E-08 0.00000E+00 7.88782E+02 7.53578E-06 1.01465E+01 7.60111E+02 0.00000E+00
