# p + Fe58 Total cross sections
# 
# 
# # energies =    24
#     E      Non-elastic    Elastic     Total     Comp. el.   Shape el.   Reaction   Comp. nonel   Direct    Pre-equil.  Dir. Capt.
 1.00000E+00 3.10171E-03 2.38195E-04 0.00000E+00 2.38195E-04 0.00000E+00 3.33990E-03 3.10171E-03 1.13995E-25 0.00000E+00 0.00000E+00
 2.00000E+00 4.95749E-01 2.50400E+00 0.00000E+00 2.50400E+00 0.00000E+00 2.99975E+00 4.95746E-01 2.13664E-06 0.00000E+00 0.00000E+00
 3.00000E+00 6.48869E+00 4.45074E+01 0.00000E+00 4.45074E+01 0.00000E+00 5.09961E+01 6.47291E+00 1.57813E-02 0.00000E+00 0.00000E+00
 4.00000E+00 1.39359E+02 6.31282E+01 0.00000E+00 6.31282E+01 0.00000E+00 2.02487E+02 1.38336E+02 1.02247E+00 0.00000E+00 0.00000E+00
 5.00000E+00 3.61857E+02 2.96695E+01 0.00000E+00 2.96695E+01 0.00000E+00 3.91526E+02 3.53661E+02 7.65974E+00 5.36251E-01 0.00000E+00
 6.00000E+00 5.32355E+02 1.43900E+01 0.00000E+00 1.43900E+01 0.00000E+00 5.46745E+02 5.10241E+02 1.86056E+01 3.50151E+00 0.00000E+00
 8.00000E+00 7.23422E+02 3.72820E+00 0.00000E+00 3.72820E+00 0.00000E+00 7.27150E+02 6.69507E+02 3.38053E+01 1.88792E+01 0.00000E+00
 1.00000E+01 8.64119E+02 1.01596E+00 0.00000E+00 1.01596E+00 0.00000E+00 8.65135E+02 7.63322E+02 4.41117E+01 5.18011E+01 0.00000E+00
 1.20000E+01 9.63948E+02 1.40911E-01 0.00000E+00 1.40911E-01 0.00000E+00 9.64089E+02 8.06909E+02 5.08425E+01 9.73935E+01 0.00000E+00
 1.40000E+01 1.02851E+03 3.73045E-02 0.00000E+00 3.73045E-02 0.00000E+00 1.02855E+03 8.09156E+02 5.42846E+01 1.51058E+02 0.00000E+00
 1.60000E+01 1.07362E+03 9.65062E-03 0.00000E+00 9.65062E-03 0.00000E+00 1.07363E+03 7.89416E+02 5.44643E+01 2.12435E+02 0.00000E+00
 1.80000E+01 1.10045E+03 2.44571E-03 0.00000E+00 2.44571E-03 0.00000E+00 1.10045E+03 7.51272E+02 5.32457E+01 2.76864E+02 0.00000E+00
 2.00000E+01 1.11516E+03 6.23504E-04 0.00000E+00 6.23504E-04 0.00000E+00 1.11516E+03 7.02240E+02 5.14191E+01 3.41141E+02 0.00000E+00
 2.50000E+01 1.13501E+03 2.44609E-05 0.00000E+00 2.44609E-05 0.00000E+00 1.13501E+03 5.73851E+02 4.80147E+01 4.88897E+02 0.00000E+00
 3.00000E+01 1.12611E+03 1.28298E-06 0.00000E+00 1.28298E-06 0.00000E+00 1.12611E+03 4.48091E+02 4.49165E+01 6.05286E+02 0.00000E+00
 3.50000E+01 1.10205E+03 1.69042E-07 0.00000E+00 1.69042E-07 0.00000E+00 1.10205E+03 3.41506E+02 4.20228E+01 6.87545E+02 0.00000E+00
 4.00000E+01 1.07380E+03 1.04771E-07 0.00000E+00 1.04771E-07 0.00000E+00 1.07380E+03 2.56482E+02 3.96519E+01 7.43788E+02 0.00000E+00
 4.50000E+01 1.04310E+03 1.00380E-07 0.00000E+00 1.00380E-07 0.00000E+00 1.04310E+03 1.92122E+02 3.73385E+01 7.77716E+02 0.00000E+00
 5.00000E+01 1.01251E+03 1.00033E-07 0.00000E+00 1.00033E-07 0.00000E+00 1.01251E+03 1.40195E+02 3.53886E+01 8.00171E+02 0.00000E+00
 6.00000E+01 9.55634E+02 1.00000E-07 0.00000E+00 1.00000E-07 0.00000E+00 9.55634E+02 7.04267E+01 3.05234E+01 8.19699E+02 0.00000E+00
 7.00000E+01 9.06345E+02 1.00000E-07 0.00000E+00 1.00000E-07 0.00000E+00 9.06345E+02 2.45583E+01 2.58421E+01 8.24851E+02 0.00000E+00
 8.00000E+01 8.64689E+02 9.90292E-08 0.00000E+00 9.90292E-08 0.00000E+00 8.64689E+02 0.00000E+00 2.16784E+01 8.16377E+02 0.00000E+00
 9.00000E+01 8.29761E+02 9.65944E-08 0.00000E+00 9.65944E-08 0.00000E+00 8.29761E+02 3.71810E-06 1.78434E+01 7.89589E+02 0.00000E+00
 1.00000E+02 8.00421E+02 9.45471E-08 0.00000E+00 9.45471E-08 0.00000E+00 8.00421E+02 0.00000E+00 1.46895E+01 7.67256E+02 0.00000E+00
