# p + Fe56 Total cross sections
# 
# 
# # energies =    24
#     E      Non-elastic    Elastic     Total     Comp. el.   Shape el.   Reaction   Comp. nonel   Direct    Pre-equil.  Dir. Capt.
 1.00000E+00 2.64206E-03 6.58008E-04 0.00000E+00 6.58008E-04 0.00000E+00 3.30007E-03 2.64206E-03 2.48516E-29 0.00000E+00 0.00000E+00
 2.00000E+00 2.12404E-01 2.33062E+00 0.00000E+00 2.33062E+00 0.00000E+00 2.54302E+00 2.12403E-01 6.22890E-07 0.00000E+00 0.00000E+00
 3.00000E+00 4.26942E+00 3.49589E+01 0.00000E+00 3.49589E+01 0.00000E+00 3.92283E+01 4.26446E+00 4.95843E-03 0.00000E+00 0.00000E+00
 4.00000E+00 3.51662E+01 1.26790E+02 0.00000E+00 1.26790E+02 0.00000E+00 1.61956E+02 3.48127E+01 3.53508E-01 0.00000E+00 0.00000E+00
 5.00000E+00 1.26675E+02 2.16615E+02 0.00000E+00 2.16615E+02 0.00000E+00 3.43290E+02 1.23186E+02 3.48465E+00 4.37624E-03 0.00000E+00
 6.00000E+00 3.22811E+02 1.93865E+02 0.00000E+00 1.93865E+02 0.00000E+00 5.16676E+02 3.11672E+02 1.11226E+01 1.62600E-02 0.00000E+00
 8.00000E+00 6.74280E+02 4.26291E+01 0.00000E+00 4.26291E+01 0.00000E+00 7.16909E+02 6.44423E+02 2.69818E+01 2.77968E+00 0.00000E+00
 1.00000E+01 8.21947E+02 9.84929E+00 0.00000E+00 9.84929E+00 0.00000E+00 8.31796E+02 7.60072E+02 3.49242E+01 2.63030E+01 0.00000E+00
 1.20000E+01 9.21763E+02 1.31046E+00 0.00000E+00 1.31046E+00 0.00000E+00 9.23073E+02 8.13253E+02 3.95486E+01 6.64658E+01 0.00000E+00
 1.40000E+01 9.85400E+02 3.47087E-01 0.00000E+00 3.47087E-01 0.00000E+00 9.85747E+02 8.19755E+02 4.22216E+01 1.15787E+02 0.00000E+00
 1.60000E+01 1.03234E+03 9.29049E-02 0.00000E+00 9.29049E-02 0.00000E+00 1.03243E+03 8.02116E+02 4.45212E+01 1.73761E+02 0.00000E+00
 1.80000E+01 1.06350E+03 2.47968E-02 0.00000E+00 2.47968E-02 0.00000E+00 1.06352E+03 7.67172E+02 4.51767E+01 2.37069E+02 0.00000E+00
 2.00000E+01 1.07767E+03 6.42038E-03 0.00000E+00 6.42038E-03 0.00000E+00 1.07768E+03 7.17278E+02 4.45260E+01 3.00565E+02 0.00000E+00
 2.50000E+01 1.08517E+03 2.22123E-04 0.00000E+00 2.22123E-04 0.00000E+00 1.08517E+03 5.77181E+02 4.11031E+01 4.48290E+02 0.00000E+00
 3.00000E+01 1.07675E+03 9.57835E-06 0.00000E+00 9.57835E-06 0.00000E+00 1.07675E+03 4.48577E+02 3.88288E+01 5.67267E+02 0.00000E+00
 3.50000E+01 1.05175E+03 5.85185E-07 0.00000E+00 5.85185E-07 0.00000E+00 1.05175E+03 3.37378E+02 3.61697E+01 6.53318E+02 0.00000E+00
 4.00000E+01 1.02283E+03 1.29956E-07 0.00000E+00 1.29956E-07 0.00000E+00 1.02283E+03 2.50518E+02 3.39298E+01 7.10442E+02 0.00000E+00
 4.50000E+01 9.92970E+02 1.02166E-07 0.00000E+00 1.02166E-07 0.00000E+00 9.92970E+02 1.84571E+02 3.13240E+01 7.47000E+02 0.00000E+00
 5.00000E+01 9.63455E+02 1.00177E-07 0.00000E+00 1.00177E-07 0.00000E+00 9.63455E+02 1.34230E+02 2.84772E+01 7.69790E+02 0.00000E+00
 6.00000E+01 9.09218E+02 1.00002E-07 0.00000E+00 1.00002E-07 0.00000E+00 9.09218E+02 6.42750E+01 2.41190E+01 7.91168E+02 0.00000E+00
 7.00000E+01 8.62733E+02 1.00000E-07 0.00000E+00 1.00000E-07 0.00000E+00 8.62733E+02 1.88806E+01 2.02927E+01 7.97168E+02 0.00000E+00
 8.00000E+01 8.23654E+02 9.82799E-08 0.00000E+00 9.82799E-08 0.00000E+00 8.23654E+02 1.80907E-06 1.70025E+01 7.84006E+02 0.00000E+00
 9.00000E+01 7.90964E+02 9.56771E-08 0.00000E+00 9.56771E-08 0.00000E+00 7.90964E+02 0.00000E+00 1.40643E+01 7.57840E+02 0.00000E+00
 1.00000E+02 7.63525E+02 9.35262E-08 0.00000E+00 9.35262E-08 0.00000E+00 7.63525E+02 0.00000E+00 1.15473E+01 7.36100E+02 0.00000E+00
