# p + Fe54 Total cross sections
# 
# 
# # energies =    24
#     E      Non-elastic    Elastic     Total     Comp. el.   Shape el.   Reaction   Comp. nonel   Direct    Pre-equil.  Dir. Capt.
 1.00000E+00 1.34298E-03 1.41396E-03 0.00000E+00 1.41396E-03 0.00000E+00 2.75694E-03 1.34298E-03 0.00000E+00 0.00000E+00 0.00000E+00
 2.00000E+00 4.61426E-02 1.96379E+00 0.00000E+00 1.96379E+00 0.00000E+00 2.00993E+00 4.61426E-02 2.80116E-11 0.00000E+00 0.00000E+00
 3.00000E+00 5.73761E-01 3.03521E+01 0.00000E+00 3.03521E+01 0.00000E+00 3.09259E+01 5.73547E-01 2.13210E-04 0.00000E+00 0.00000E+00
 4.00000E+00 1.25814E+01 1.22712E+02 0.00000E+00 1.22712E+02 0.00000E+00 1.35293E+02 1.25226E+01 5.87513E-02 0.00000E+00 0.00000E+00
 5.00000E+00 7.27354E+01 2.34890E+02 0.00000E+00 2.34890E+02 0.00000E+00 3.07625E+02 7.15405E+01 1.19289E+00 1.95612E-03 0.00000E+00
 6.00000E+00 2.23793E+02 2.64156E+02 0.00000E+00 2.64156E+02 0.00000E+00 4.87949E+02 2.17505E+02 6.27447E+00 1.28759E-02 0.00000E+00
 8.00000E+00 5.81741E+02 1.13506E+02 0.00000E+00 1.13506E+02 0.00000E+00 6.95247E+02 5.56890E+02 2.21645E+01 2.42079E+00 0.00000E+00
 1.00000E+01 7.77727E+02 1.54203E+01 0.00000E+00 1.54203E+01 0.00000E+00 7.93147E+02 7.27475E+02 2.92626E+01 1.86414E+01 0.00000E+00
 1.20000E+01 8.74054E+02 4.01993E+00 0.00000E+00 4.01993E+00 0.00000E+00 8.78074E+02 7.87662E+02 3.38820E+01 4.64426E+01 0.00000E+00
 1.40000E+01 9.38687E+02 1.08322E+00 0.00000E+00 1.08322E+00 0.00000E+00 9.39770E+02 8.06249E+02 3.71338E+01 8.28826E+01 0.00000E+00
 1.60000E+01 9.85651E+02 3.12518E-01 0.00000E+00 3.12518E-01 0.00000E+00 9.85964E+02 7.99659E+02 3.92313E+01 1.28775E+02 0.00000E+00
 1.80000E+01 1.01978E+03 9.28020E-02 0.00000E+00 9.28020E-02 0.00000E+00 1.01987E+03 7.75891E+02 4.12729E+01 1.81660E+02 0.00000E+00
 2.00000E+01 1.03610E+03 2.68590E-02 0.00000E+00 2.68590E-02 0.00000E+00 1.03613E+03 7.34738E+02 4.32333E+01 2.35585E+02 0.00000E+00
 2.50000E+01 1.03861E+03 1.08596E-03 0.00000E+00 1.08596E-03 0.00000E+00 1.03861E+03 5.97376E+02 4.36143E+01 3.71183E+02 0.00000E+00
 3.00000E+01 1.02904E+03 4.78350E-05 0.00000E+00 4.78350E-05 0.00000E+00 1.02904E+03 4.69338E+02 4.13751E+01 4.87671E+02 0.00000E+00
 3.50000E+01 1.00401E+03 2.53220E-06 0.00000E+00 2.53220E-06 0.00000E+00 1.00401E+03 3.58536E+02 3.88601E+01 5.73068E+02 0.00000E+00
 4.00000E+01 9.74585E+02 2.48019E-07 0.00000E+00 2.48019E-07 0.00000E+00 9.74585E+02 2.69344E+02 3.53134E+01 6.33363E+02 0.00000E+00
 4.50000E+01 9.45048E+02 1.10576E-07 0.00000E+00 1.10576E-07 0.00000E+00 9.45048E+02 1.99925E+02 3.24936E+01 6.74153E+02 0.00000E+00
 5.00000E+01 9.16266E+02 1.00851E-07 0.00000E+00 1.00851E-07 0.00000E+00 9.16266E+02 1.44795E+02 2.94786E+01 7.03210E+02 0.00000E+00
 6.00000E+01 8.64161E+02 1.00007E-07 0.00000E+00 1.00007E-07 0.00000E+00 8.64161E+02 7.15667E+01 2.49023E+01 7.31535E+02 0.00000E+00
 7.00000E+01 8.20328E+02 1.00000E-07 0.00000E+00 1.00000E-07 0.00000E+00 8.20328E+02 2.44876E+01 2.04395E+01 7.43862E+02 0.00000E+00
 8.00000E+01 7.84072E+02 9.87150E-08 0.00000E+00 9.87150E-08 0.00000E+00 7.84072E+02 0.00000E+00 1.70318E+01 7.40380E+02 0.00000E+00
 9.00000E+01 7.54064E+02 9.57900E-08 0.00000E+00 9.57900E-08 0.00000E+00 7.54064E+02 0.00000E+00 1.36852E+01 7.18199E+02 0.00000E+00
 1.00000E+02 7.29134E+02 9.33250E-08 0.00000E+00 9.33250E-08 0.00000E+00 7.29134E+02 0.00000E+00 1.11672E+01 6.99662E+02 0.00000E+00
