# p + Fe54 Total alpha    production
# Q-value    =-3.14733E+00
# 
# # energies =    24
#    E         xs         Yield
 1.00000E+00 0.00000E+00 0.00000E+00
 2.00000E+00 0.00000E+00 0.00000E+00
 3.00000E+00 0.00000E+00 0.00000E+00
 4.00000E+00 0.00000E+00 0.00000E+00
 5.00000E+00 0.00000E+00 0.00000E+00
 6.00000E+00 4.76441E-44 0.00000E+00
 8.00000E+00 2.26620E-02 3.89555E-05
 1.00000E+01 2.04112E+00 2.62447E-03
 1.20000E+01 1.24510E+01 1.42452E-02
 1.40000E+01 2.40275E+01 2.55969E-02
 1.60000E+01 3.27117E+01 3.31879E-02
 1.80000E+01 3.75947E+01 3.68656E-02
 2.00000E+01 4.08373E+01 3.94143E-02
 2.50000E+01 5.02108E+01 4.83443E-02
 3.00000E+01 6.47198E+01 6.28934E-02
 3.50000E+01 6.77508E+01 6.74802E-02
 4.00000E+01 6.73603E+01 6.91169E-02
 4.50000E+01 6.62509E+01 7.01032E-02
 5.00000E+01 6.35848E+01 6.93956E-02
 6.00000E+01 5.94993E+01 6.88520E-02
 7.00000E+01 5.56446E+01 6.78322E-02
 8.00000E+01 5.49869E+01 7.01299E-02
 9.00000E+01 6.05102E+01 8.02455E-02
 1.00000E+02 6.67158E+01 9.15001E-02
