# p + Fe58 Total alpha    production
# Q-value    = 4.21329E-01
# 
# # energies =    24
#    E         xs         Yield
 1.00000E+00 0.00000E+00 0.00000E+00
 2.00000E+00 0.00000E+00 0.00000E+00
 3.00000E+00 1.65384E-04 2.54881E-05
 4.00000E+00 3.89378E-03 2.79407E-05
 5.00000E+00 6.83851E-02 1.88984E-04
 6.00000E+00 5.63380E-01 1.05828E-03
 8.00000E+00 5.00547E+00 6.91916E-03
 1.00000E+01 1.45928E+01 1.68875E-02
 1.20000E+01 2.62104E+01 2.71907E-02
 1.40000E+01 3.29071E+01 3.19949E-02
 1.60000E+01 3.65507E+01 3.40444E-02
 1.80000E+01 4.00091E+01 3.63571E-02
 2.00000E+01 4.77128E+01 4.27857E-02
 2.50000E+01 6.96379E+01 6.13544E-02
 3.00000E+01 7.45048E+01 6.61612E-02
 3.50000E+01 7.67498E+01 6.96428E-02
 4.00000E+01 7.52635E+01 7.00908E-02
 4.50000E+01 6.98298E+01 6.69445E-02
 5.00000E+01 6.39978E+01 6.32071E-02
 6.00000E+01 5.41132E+01 5.66255E-02
 7.00000E+01 4.62083E+01 5.09831E-02
 8.00000E+01 4.24719E+01 4.91182E-02
 9.00000E+01 4.61419E+01 5.56087E-02
 1.00000E+02 5.12025E+01 6.39695E-02
