# p + Fe57 Total alpha    production
# Q-value    = 2.40288E-01
# 
# # energies =    24
#    E         xs         Yield
 1.00000E+00 0.00000E+00 0.00000E+00
 2.00000E+00 0.00000E+00 0.00000E+00
 3.00000E+00 3.16806E-11 1.04787E-12
 4.00000E+00 1.16641E-03 7.01777E-06
 5.00000E+00 4.06447E-02 1.12913E-04
 6.00000E+00 5.44976E-01 1.03191E-03
 8.00000E+00 9.34775E+00 1.30314E-02
 1.00000E+01 2.77982E+01 3.27129E-02
 1.20000E+01 4.40361E+01 4.64088E-02
 1.40000E+01 5.37002E+01 5.29626E-02
 1.60000E+01 6.01141E+01 5.66891E-02
 1.80000E+01 6.64952E+01 6.10947E-02
 2.00000E+01 7.39176E+01 6.70479E-02
 2.50000E+01 9.26523E+01 8.27881E-02
 3.00000E+01 9.13003E+01 8.21963E-02
 3.50000E+01 8.54442E+01 7.86576E-02
 4.00000E+01 7.99839E+01 7.56034E-02
 4.50000E+01 7.36637E+01 7.16929E-02
 5.00000E+01 6.82081E+01 6.83998E-02
 6.00000E+01 5.89975E+01 6.26908E-02
 7.00000E+01 5.25519E+01 5.88733E-02
 8.00000E+01 5.20624E+01 6.11236E-02
 9.00000E+01 5.70565E+01 6.97920E-02
 1.00000E+02 6.32323E+01 8.01645E-02
