# p + Fe56 Total alpha    production
# Q-value    =-1.05276E+00
# 
# # energies =    24
#    E         xs         Yield
 1.00000E+00 0.00000E+00 0.00000E+00
 2.00000E+00 0.00000E+00 0.00000E+00
 3.00000E+00 0.00000E+00 0.00000E+00
 4.00000E+00 0.00000E+00 0.00000E+00
 5.00000E+00 1.41729E-03 1.11884E-05
 6.00000E+00 7.13648E-02 2.21073E-04
 8.00000E+00 4.08203E+00 6.05392E-03
 1.00000E+01 1.75118E+01 2.13052E-02
 1.20000E+01 3.83984E+01 4.16576E-02
 1.40000E+01 6.36403E+01 6.45832E-02
 1.60000E+01 7.30637E+01 7.07750E-02
 1.80000E+01 7.25477E+01 6.82163E-02
 2.00000E+01 6.83359E+01 6.34106E-02
 2.50000E+01 6.65336E+01 6.13117E-02
 3.00000E+01 7.00469E+01 6.50540E-02
 3.50000E+01 6.88035E+01 6.54181E-02
 4.00000E+01 6.74772E+01 6.59711E-02
 4.50000E+01 6.52640E+01 6.57261E-02
 5.00000E+01 6.24069E+01 6.47740E-02
 6.00000E+01 5.76617E+01 6.34190E-02
 7.00000E+01 5.39254E+01 6.25053E-02
 8.00000E+01 5.48256E+01 6.65638E-02
 9.00000E+01 6.07409E+01 7.67936E-02
 1.00000E+02 6.70199E+01 8.77769E-02
