# p + Fe56 Total deuteron production
# Q-value    =-8.97249E+00
# 
# # energies =    24
#    E         xs         Yield
 1.00000E+00 0.00000E+00 0.00000E+00
 2.00000E+00 0.00000E+00 0.00000E+00
 3.00000E+00 0.00000E+00 0.00000E+00
 4.00000E+00 0.00000E+00 0.00000E+00
 5.00000E+00 0.00000E+00 0.00000E+00
 6.00000E+00 0.00000E+00 0.00000E+00
 8.00000E+00 0.00000E+00 0.00000E+00
 1.00000E+01 1.00020E-10 1.21687E-13
 1.20000E+01 9.29427E-02 1.00832E-04
 1.40000E+01 1.85055E+00 1.87797E-03
 1.60000E+01 6.17591E+00 5.98246E-03
 1.80000E+01 1.24927E+01 1.17468E-02
 2.00000E+01 1.87114E+01 1.73627E-02
 2.50000E+01 3.14772E+01 2.90067E-02
 3.00000E+01 4.47194E+01 4.15319E-02
 3.50000E+01 5.65815E+01 5.37975E-02
 4.00000E+01 6.42341E+01 6.28004E-02
 4.50000E+01 7.00568E+01 7.05528E-02
 5.00000E+01 7.28916E+01 7.56564E-02
 6.00000E+01 7.87213E+01 8.65814E-02
 7.00000E+01 8.27379E+01 9.59021E-02
 8.00000E+01 8.57919E+01 1.04160E-01
 9.00000E+01 8.49527E+01 1.07404E-01
 1.00000E+02 8.53625E+01 1.11800E-01
