# p + Fe58 Total deuteron production
# Q-value    =-7.82000E+00
# 
# # energies =    24
#    E         xs         Yield
 1.00000E+00 0.00000E+00 0.00000E+00
 2.00000E+00 0.00000E+00 0.00000E+00
 3.00000E+00 0.00000E+00 0.00000E+00
 4.00000E+00 0.00000E+00 0.00000E+00
 5.00000E+00 0.00000E+00 0.00000E+00
 6.00000E+00 0.00000E+00 0.00000E+00
 8.00000E+00 0.00000E+00 0.00000E+00
 1.00000E+01 2.39813E-03 2.77523E-06
 1.20000E+01 5.70734E-01 5.92079E-04
 1.40000E+01 2.69557E+00 2.62084E-03
 1.60000E+01 7.04051E+00 6.55773E-03
 1.80000E+01 1.31969E+01 1.19923E-02
 2.00000E+01 1.99436E+01 1.78841E-02
 2.50000E+01 3.68878E+01 3.25000E-02
 3.00000E+01 5.04359E+01 4.47877E-02
 3.50000E+01 5.99472E+01 5.43961E-02
 4.00000E+01 6.79121E+01 6.32446E-02
 4.50000E+01 7.39844E+01 7.09275E-02
 5.00000E+01 7.83118E+01 7.73443E-02
 6.00000E+01 8.41612E+01 8.80684E-02
 7.00000E+01 8.81553E+01 9.72646E-02
 8.00000E+01 9.08437E+01 1.05059E-01
 9.00000E+01 8.87595E+01 1.06970E-01
 1.00000E+02 8.81483E+01 1.10127E-01
