# p + Fe57 Total deuteron production
# Q-value    =-5.42160E+00
# 
# # energies =    24
#    E         xs         Yield
 1.00000E+00 0.00000E+00 0.00000E+00
 2.00000E+00 0.00000E+00 0.00000E+00
 3.00000E+00 0.00000E+00 0.00000E+00
 4.00000E+00 0.00000E+00 0.00000E+00
 5.00000E+00 0.00000E+00 0.00000E+00
 6.00000E+00 3.11414E-17 5.89661E-20
 8.00000E+00 1.72627E-02 2.40653E-05
 1.00000E+01 1.02054E+00 1.20098E-03
 1.20000E+01 3.88994E+00 4.09953E-03
 1.40000E+01 9.40694E+00 9.27773E-03
 1.60000E+01 1.62436E+01 1.53181E-02
 1.80000E+01 2.30522E+01 2.11801E-02
 2.00000E+01 2.93855E+01 2.66545E-02
 2.50000E+01 4.23864E+01 3.78737E-02
 3.00000E+01 5.50681E+01 4.95769E-02
 3.50000E+01 6.40520E+01 5.89646E-02
 4.00000E+01 7.12850E+01 6.73810E-02
 4.50000E+01 7.73561E+01 7.52865E-02
 5.00000E+01 7.95263E+01 7.97498E-02
 6.00000E+01 8.50683E+01 9.03936E-02
 7.00000E+01 8.84680E+01 9.91097E-02
 8.00000E+01 9.07192E+01 1.06509E-01
 9.00000E+01 8.86858E+01 1.08481E-01
 1.00000E+02 8.82621E+01 1.11897E-01
