# p + Fe54 Total deuteron production
# Q-value    =-1.11539E+01
# 
# # energies =    24
#    E         xs         Yield
 1.00000E+00 0.00000E+00 0.00000E+00
 2.00000E+00 0.00000E+00 0.00000E+00
 3.00000E+00 0.00000E+00 0.00000E+00
 4.00000E+00 0.00000E+00 0.00000E+00
 5.00000E+00 0.00000E+00 0.00000E+00
 6.00000E+00 0.00000E+00 0.00000E+00
 8.00000E+00 0.00000E+00 0.00000E+00
 1.00000E+01 0.00000E+00 0.00000E+00
 1.20000E+01 5.41389E-13 6.19400E-16
 1.40000E+01 2.75113E-02 2.93082E-05
 1.60000E+01 1.07825E+00 1.09395E-03
 1.80000E+01 3.36371E+00 3.29848E-03
 2.00000E+01 7.53855E+00 7.27587E-03
 2.50000E+01 2.07417E+01 1.99707E-02
 3.00000E+01 3.24789E+01 3.15623E-02
 3.50000E+01 4.15390E+01 4.13731E-02
 4.00000E+01 4.93016E+01 5.05873E-02
 4.50000E+01 5.58950E+01 5.91452E-02
 5.00000E+01 6.12848E+01 6.68854E-02
 6.00000E+01 6.91526E+01 8.00228E-02
 7.00000E+01 7.44637E+01 9.07731E-02
 8.00000E+01 7.85944E+01 1.00239E-01
 9.00000E+01 7.85040E+01 1.04108E-01
 1.00000E+02 7.97009E+01 1.09309E-01
