# p + Fe57 Elastic cross sections
# 
# 
# # energies =    24
#    E      Cross section
 1.00000E+00 9.40315E-05
 2.00000E+00 9.01771E-01
 3.00000E+00 1.55018E+01
 4.00000E+00 2.37446E+01
 5.00000E+00 2.19075E+01
 6.00000E+00 1.61857E+01
 8.00000E+00 5.68178E+00
 1.00000E+01 1.66352E+00
 1.20000E+01 3.04512E-01
 1.40000E+01 8.27856E-02
 1.60000E+01 2.18421E-02
 1.80000E+01 5.64596E-03
 2.00000E+01 1.45024E-03
 2.50000E+01 5.60429E-05
 3.00000E+01 2.81414E-06
 3.50000E+01 2.57792E-07
 4.00000E+01 1.10860E-07
 4.50000E+01 1.00854E-07
 5.00000E+01 1.00076E-07
 6.00000E+01 1.00001E-07
 7.00000E+01 1.00000E-07
 8.00000E+01 9.82519E-08
 9.00000E+01 9.57269E-08
 1.00000E+02 9.36110E-08
