# p + Fe58 Elastic cross sections
# 
# 
# # energies =    24
#    E      Cross section
 1.00000E+00 2.38195E-04
 2.00000E+00 2.50400E+00
 3.00000E+00 4.45074E+01
 4.00000E+00 6.31282E+01
 5.00000E+00 2.96695E+01
 6.00000E+00 1.43900E+01
 8.00000E+00 3.72820E+00
 1.00000E+01 1.01596E+00
 1.20000E+01 1.40911E-01
 1.40000E+01 3.73045E-02
 1.60000E+01 9.65062E-03
 1.80000E+01 2.44571E-03
 2.00000E+01 6.23504E-04
 2.50000E+01 2.44609E-05
 3.00000E+01 1.28298E-06
 3.50000E+01 1.69042E-07
 4.00000E+01 1.04771E-07
 4.50000E+01 1.00380E-07
 5.00000E+01 1.00033E-07
 6.00000E+01 1.00000E-07
 7.00000E+01 1.00000E-07
 8.00000E+01 9.90292E-08
 9.00000E+01 9.65944E-08
 1.00000E+02 9.45471E-08
