# p + Fe56 Elastic cross sections
# 
# 
# # energies =    24
#    E      Cross section
 1.00000E+00 6.58008E-04
 2.00000E+00 2.33062E+00
 3.00000E+00 3.49589E+01
 4.00000E+00 1.26790E+02
 5.00000E+00 2.16615E+02
 6.00000E+00 1.93865E+02
 8.00000E+00 4.26291E+01
 1.00000E+01 9.84929E+00
 1.20000E+01 1.31046E+00
 1.40000E+01 3.47087E-01
 1.60000E+01 9.29049E-02
 1.80000E+01 2.47968E-02
 2.00000E+01 6.42038E-03
 2.50000E+01 2.22123E-04
 3.00000E+01 9.57835E-06
 3.50000E+01 5.85185E-07
 4.00000E+01 1.29956E-07
 4.50000E+01 1.02166E-07
 5.00000E+01 1.00177E-07
 6.00000E+01 1.00002E-07
 7.00000E+01 1.00000E-07
 8.00000E+01 9.82799E-08
 9.00000E+01 9.56771E-08
 1.00000E+02 9.35262E-08
