# p + Fe54 Elastic cross sections
# 
# 
# # energies =    24
#    E      Cross section
 1.00000E+00 1.41396E-03
 2.00000E+00 1.96379E+00
 3.00000E+00 3.03521E+01
 4.00000E+00 1.22712E+02
 5.00000E+00 2.34890E+02
 6.00000E+00 2.64156E+02
 8.00000E+00 1.13506E+02
 1.00000E+01 1.54203E+01
 1.20000E+01 4.01993E+00
 1.40000E+01 1.08322E+00
 1.60000E+01 3.12518E-01
 1.80000E+01 9.28020E-02
 2.00000E+01 2.68590E-02
 2.50000E+01 1.08596E-03
 3.00000E+01 4.78350E-05
 3.50000E+01 2.53220E-06
 4.00000E+01 2.48019E-07
 4.50000E+01 1.10576E-07
 5.00000E+01 1.00851E-07
 6.00000E+01 1.00007E-07
 7.00000E+01 1.00000E-07
 8.00000E+01 9.87150E-08
 9.00000E+01 9.57900E-08
 1.00000E+02 9.33250E-08
