# p + Fe54 Total gamma    production
# Q-value    = 5.06435E+00
# 
# # energies =    24
#    E         xs         Yield
 1.00000E+00 1.93409E-03 1.44015E+00
 2.00000E+00 7.01544E-02 1.52038E+00
 3.00000E+00 2.20293E-01 3.83945E-01
 4.00000E+00 3.34127E-01 2.65572E-02
 5.00000E+00 4.40785E-01 6.06012E-03
 6.00000E+00 1.20210E+00 5.37148E-03
 8.00000E+00 1.09526E+02 1.88272E-01
 1.00000E+01 4.65005E+02 5.97902E-01
 1.20000E+01 7.94172E+02 9.08608E-01
 1.40000E+01 1.06565E+03 1.13526E+00
 1.60000E+01 9.65923E+02 9.79984E-01
 1.80000E+01 6.14597E+02 6.02677E-01
 2.00000E+01 4.55407E+02 4.39538E-01
 2.50000E+01 8.49234E+02 8.17665E-01
 3.00000E+01 1.01342E+03 9.84818E-01
 3.50000E+01 8.41955E+02 8.38592E-01
 4.00000E+01 8.98641E+02 9.22076E-01
 4.50000E+01 8.64798E+02 9.15084E-01
 5.00000E+01 8.04071E+02 8.77552E-01
 6.00000E+01 7.60307E+02 8.79821E-01
 7.00000E+01 7.13841E+02 8.70190E-01
 8.00000E+01 6.81916E+02 8.69711E-01
 9.00000E+01 6.47569E+02 8.58772E-01
 1.00000E+02 6.29804E+02 8.63770E-01
