# p + Fe58 Total gamma    production
# Q-value    = 7.36354E+00
# 
# # energies =    24
#    E         xs         Yield
 1.00000E+00 5.50156E-03 1.77372E+00
 2.00000E+00 9.05515E-01 1.82656E+00
 3.00000E+00 3.54000E+00 5.45564E-01
 4.00000E+00 1.04005E+00 7.46312E-03
 5.00000E+00 1.65327E+02 4.56886E-01
 6.00000E+00 4.37111E+02 8.21089E-01
 8.00000E+00 8.89055E+02 1.22896E+00
 1.00000E+01 1.31193E+03 1.51823E+00
 1.20000E+01 1.61444E+03 1.67482E+00
 1.40000E+01 1.04401E+03 1.01507E+00
 1.60000E+01 7.45340E+02 6.94231E-01
 1.80000E+01 8.87370E+02 8.06372E-01
 2.00000E+01 1.12694E+03 1.01056E+00
 2.50000E+01 1.33435E+03 1.17563E+00
 3.00000E+01 1.18299E+03 1.05051E+00
 3.50000E+01 1.35266E+03 1.22740E+00
 4.00000E+01 1.33812E+03 1.24615E+00
 4.50000E+01 1.24569E+03 1.19422E+00
 5.00000E+01 1.20068E+03 1.18585E+00
 6.00000E+01 1.10047E+03 1.15156E+00
 7.00000E+01 9.96014E+02 1.09894E+00
 8.00000E+01 9.41455E+02 1.08878E+00
 9.00000E+01 8.34688E+02 1.00594E+00
 1.00000E+02 8.05913E+02 1.00686E+00
