# p + Fe56 Total gamma    production
# Q-value    = 6.02746E+00
# 
# # energies =    24
#    E         xs         Yield
 1.00000E+00 4.56234E-03 1.72681E+00
 2.00000E+00 3.42967E-01 1.61469E+00
 3.00000E+00 9.59594E-01 2.24760E-01
 4.00000E+00 1.58372E+00 4.50353E-02
 5.00000E+00 2.40511E+00 1.89865E-02
 6.00000E+00 3.21958E+00 9.97359E-03
 8.00000E+00 1.30221E+02 1.93127E-01
 1.00000E+01 5.67666E+02 6.90636E-01
 1.20000E+01 9.54188E+02 1.03518E+00
 1.40000E+01 1.16564E+03 1.18291E+00
 1.60000E+01 1.01456E+03 9.82778E-01
 1.80000E+01 8.16629E+02 7.67873E-01
 2.00000E+01 8.67045E+02 8.04553E-01
 2.50000E+01 1.33280E+03 1.22820E+00
 3.00000E+01 1.30097E+03 1.20824E+00
 3.50000E+01 1.18171E+03 1.12357E+00
 4.00000E+01 1.22831E+03 1.20090E+00
 4.50000E+01 1.13323E+03 1.14126E+00
 5.00000E+01 1.06269E+03 1.10300E+00
 6.00000E+01 9.88906E+02 1.08765E+00
 7.00000E+01 8.93128E+02 1.03523E+00
 8.00000E+01 8.29918E+02 1.00760E+00
 9.00000E+01 7.72189E+02 9.76264E-01
 1.00000E+02 7.23012E+02 9.46940E-01
