# p + Fe57 Total gamma    production
# Q-value    = 6.95424E+00
# 
# # energies =    24
#    E         xs         Yield
 1.00000E+00 7.04133E-03 2.35527E+00
 2.00000E+00 4.22313E-01 2.36105E-01
 3.00000E+00 1.06077E+00 3.50861E-02
 4.00000E+00 9.50551E-01 5.71903E-03
 5.00000E+00 1.03586E+02 2.87765E-01
 6.00000E+00 2.96102E+02 5.60667E-01
 8.00000E+00 6.89002E+02 9.60513E-01
 1.00000E+01 1.00940E+03 1.18787E+00
 1.20000E+01 9.08412E+02 9.57358E-01
 1.40000E+01 6.62707E+02 6.53604E-01
 1.60000E+01 6.23530E+02 5.88004E-01
 1.80000E+01 8.21809E+02 7.55066E-01
 2.00000E+01 1.08253E+03 9.81927E-01
 2.50000E+01 1.46825E+03 1.31193E+00
 3.00000E+01 1.27552E+03 1.14833E+00
 3.50000E+01 1.34007E+03 1.23363E+00
 4.00000E+01 1.31899E+03 1.24675E+00
 4.50000E+01 1.21523E+03 1.18272E+00
 5.00000E+01 1.16436E+03 1.16764E+00
 6.00000E+01 1.04043E+03 1.10556E+00
 7.00000E+01 9.58878E+02 1.07422E+00
 8.00000E+01 8.76338E+02 1.02886E+00
 9.00000E+01 8.12111E+02 9.93382E-01
 1.00000E+02 7.87974E+02 9.98975E-01
