# p + Fe56 Total helium-3 production
# Q-value    =-1.26912E+01
# 
# # energies =    24
#    E         xs         Yield
 1.00000E+00 0.00000E+00 0.00000E+00
 2.00000E+00 0.00000E+00 0.00000E+00
 3.00000E+00 0.00000E+00 0.00000E+00
 4.00000E+00 0.00000E+00 0.00000E+00
 5.00000E+00 0.00000E+00 0.00000E+00
 6.00000E+00 0.00000E+00 0.00000E+00
 8.00000E+00 0.00000E+00 0.00000E+00
 1.00000E+01 0.00000E+00 0.00000E+00
 1.20000E+01 0.00000E+00 0.00000E+00
 1.40000E+01 8.40779E-45 0.00000E+00
 1.60000E+01 2.33719E-08 2.26398E-11
 1.80000E+01 1.52323E-04 1.43229E-07
 2.00000E+01 8.53462E-03 7.91948E-06
 2.50000E+01 1.23894E+00 1.14171E-03
 3.00000E+01 5.49068E+00 5.09931E-03
 3.50000E+01 1.07462E+01 1.02174E-02
 4.00000E+01 1.56215E+01 1.52728E-02
 4.50000E+01 1.96603E+01 1.97995E-02
 5.00000E+01 2.29264E+01 2.37960E-02
 6.00000E+01 2.68654E+01 2.95478E-02
 7.00000E+01 2.92605E+01 3.39161E-02
 8.00000E+01 3.11186E+01 3.77811E-02
 9.00000E+01 3.32554E+01 4.20441E-02
 1.00000E+02 3.60372E+01 4.71984E-02
