# p + Fe57 Total helium-3 production
# Q-value    =-1.01117E+01
# 
# # energies =    24
#    E         xs         Yield
 1.00000E+00 0.00000E+00 0.00000E+00
 2.00000E+00 0.00000E+00 0.00000E+00
 3.00000E+00 0.00000E+00 0.00000E+00
 4.00000E+00 0.00000E+00 0.00000E+00
 5.00000E+00 0.00000E+00 0.00000E+00
 6.00000E+00 0.00000E+00 0.00000E+00
 8.00000E+00 0.00000E+00 0.00000E+00
 1.00000E+01 0.00000E+00 0.00000E+00
 1.20000E+01 2.56900E-17 2.70742E-20
 1.40000E+01 5.15441E-07 5.08361E-10
 1.60000E+01 2.65311E-04 2.50195E-07
 1.80000E+01 5.05369E-03 4.64326E-06
 2.00000E+01 4.08074E-02 3.70149E-05
 2.50000E+01 1.88382E+00 1.68326E-03
 3.00000E+01 6.47726E+00 5.83137E-03
 3.50000E+01 1.16501E+01 1.07248E-02
 4.00000E+01 1.59984E+01 1.51223E-02
 4.50000E+01 1.96482E+01 1.91225E-02
 5.00000E+01 2.24715E+01 2.25347E-02
 6.00000E+01 2.58221E+01 2.74386E-02
 7.00000E+01 2.77152E+01 3.10491E-02
 8.00000E+01 2.93342E+01 3.44397E-02
 9.00000E+01 3.12031E+01 3.81679E-02
 1.00000E+02 3.36190E+01 4.26214E-02
