# p + Fe54 Total helium-3 production
# Q-value    =-1.31855E+01
# 
# # energies =    24
#    E         xs         Yield
 1.00000E+00 0.00000E+00 0.00000E+00
 2.00000E+00 0.00000E+00 0.00000E+00
 3.00000E+00 0.00000E+00 0.00000E+00
 4.00000E+00 0.00000E+00 0.00000E+00
 5.00000E+00 0.00000E+00 0.00000E+00
 6.00000E+00 0.00000E+00 0.00000E+00
 8.00000E+00 0.00000E+00 0.00000E+00
 1.00000E+01 0.00000E+00 0.00000E+00
 1.20000E+01 0.00000E+00 0.00000E+00
 1.40000E+01 0.00000E+00 0.00000E+00
 1.60000E+01 1.07670E-14 1.09238E-17
 1.80000E+01 3.09670E-05 3.03664E-08
 2.00000E+01 4.72551E-03 4.56084E-06
 2.50000E+01 1.07602E+00 1.03602E-03
 3.00000E+01 5.68247E+00 5.52211E-03
 3.50000E+01 1.18624E+01 1.18150E-02
 4.00000E+01 1.73883E+01 1.78418E-02
 4.50000E+01 2.24574E+01 2.37632E-02
 5.00000E+01 2.65131E+01 2.89360E-02
 6.00000E+01 3.15434E+01 3.65017E-02
 7.00000E+01 3.44288E+01 4.19696E-02
 8.00000E+01 3.67809E+01 4.69101E-02
 9.00000E+01 3.93176E+01 5.21410E-02
 1.00000E+02 4.26437E+01 5.84855E-02
