# p + Fe58 Total helium-3 production
# Q-value    =-1.28858E+01
# 
# # energies =    24
#    E         xs         Yield
 1.00000E+00 0.00000E+00 0.00000E+00
 2.00000E+00 0.00000E+00 0.00000E+00
 3.00000E+00 0.00000E+00 0.00000E+00
 4.00000E+00 0.00000E+00 0.00000E+00
 5.00000E+00 0.00000E+00 0.00000E+00
 6.00000E+00 0.00000E+00 0.00000E+00
 8.00000E+00 0.00000E+00 0.00000E+00
 1.00000E+01 0.00000E+00 0.00000E+00
 1.20000E+01 0.00000E+00 0.00000E+00
 1.40000E+01 0.00000E+00 0.00000E+00
 1.60000E+01 4.27487E-10 3.98174E-13
 1.80000E+01 1.54956E-05 1.40812E-08
 2.00000E+01 3.16277E-03 2.83616E-06
 2.50000E+01 9.45482E-01 8.33017E-04
 3.00000E+01 4.34876E+00 3.86175E-03
 3.50000E+01 8.41975E+00 7.64008E-03
 4.00000E+01 1.22887E+01 1.14442E-02
 4.50000E+01 1.57358E+01 1.50856E-02
 5.00000E+01 1.84766E+01 1.82483E-02
 6.00000E+01 2.18234E+01 2.28366E-02
 7.00000E+01 2.39374E+01 2.64109E-02
 8.00000E+01 2.57354E+01 2.97627E-02
 9.00000E+01 2.75903E+01 3.32509E-02
 1.00000E+02 2.99176E+01 3.73773E-02
