# p + Fe54 Nonelastic cross sections
# 
# 
# # energies =    24
#    E      Cross section
 1.00000E+00 1.34298E-03
 2.00000E+00 4.61426E-02
 3.00000E+00 5.73761E-01
 4.00000E+00 1.25814E+01
 5.00000E+00 7.27354E+01
 6.00000E+00 2.23793E+02
 8.00000E+00 5.81741E+02
 1.00000E+01 7.77727E+02
 1.20000E+01 8.74054E+02
 1.40000E+01 9.38687E+02
 1.60000E+01 9.85651E+02
 1.80000E+01 1.01978E+03
 2.00000E+01 1.03610E+03
 2.50000E+01 1.03861E+03
 3.00000E+01 1.02904E+03
 3.50000E+01 1.00401E+03
 4.00000E+01 9.74585E+02
 4.50000E+01 9.45048E+02
 5.00000E+01 9.16266E+02
 6.00000E+01 8.64161E+02
 7.00000E+01 8.20328E+02
 8.00000E+01 7.84072E+02
 9.00000E+01 7.54064E+02
 1.00000E+02 7.29134E+02
