# p + Fe58 Nonelastic cross sections
# 
# 
# # energies =    24
#    E      Cross section
 1.00000E+00 3.10171E-03
 2.00000E+00 4.95749E-01
 3.00000E+00 6.48869E+00
 4.00000E+00 1.39359E+02
 5.00000E+00 3.61857E+02
 6.00000E+00 5.32355E+02
 8.00000E+00 7.23422E+02
 1.00000E+01 8.64119E+02
 1.20000E+01 9.63948E+02
 1.40000E+01 1.02851E+03
 1.60000E+01 1.07362E+03
 1.80000E+01 1.10045E+03
 2.00000E+01 1.11516E+03
 2.50000E+01 1.13501E+03
 3.00000E+01 1.12611E+03
 3.50000E+01 1.10205E+03
 4.00000E+01 1.07380E+03
 4.50000E+01 1.04310E+03
 5.00000E+01 1.01251E+03
 6.00000E+01 9.55634E+02
 7.00000E+01 9.06345E+02
 8.00000E+01 8.64689E+02
 9.00000E+01 8.29761E+02
 1.00000E+02 8.00421E+02
