# p + Fe56 Nonelastic cross sections
# 
# 
# # energies =    24
#    E      Cross section
 1.00000E+00 2.64206E-03
 2.00000E+00 2.12404E-01
 3.00000E+00 4.26942E+00
 4.00000E+00 3.51662E+01
 5.00000E+00 1.26675E+02
 6.00000E+00 3.22811E+02
 8.00000E+00 6.74280E+02
 1.00000E+01 8.21947E+02
 1.20000E+01 9.21763E+02
 1.40000E+01 9.85400E+02
 1.60000E+01 1.03234E+03
 1.80000E+01 1.06350E+03
 2.00000E+01 1.07767E+03
 2.50000E+01 1.08517E+03
 3.00000E+01 1.07675E+03
 3.50000E+01 1.05175E+03
 4.00000E+01 1.02283E+03
 4.50000E+01 9.92970E+02
 5.00000E+01 9.63455E+02
 6.00000E+01 9.09218E+02
 7.00000E+01 8.62733E+02
 8.00000E+01 8.23654E+02
 9.00000E+01 7.90964E+02
 1.00000E+02 7.63525E+02
