# p + Fe54 Total neutron  production
# Q-value    =-9.02690E+00
# 
# # energies =    24
#    E         xs         Yield
 1.00000E+00 0.00000E+00 0.00000E+00
 2.00000E+00 0.00000E+00 0.00000E+00
 3.00000E+00 0.00000E+00 0.00000E+00
 4.00000E+00 0.00000E+00 0.00000E+00
 5.00000E+00 0.00000E+00 0.00000E+00
 6.00000E+00 0.00000E+00 0.00000E+00
 8.00000E+00 0.00000E+00 0.00000E+00
 1.00000E+01 5.91441E+00 7.60474E-03
 1.20000E+01 5.12675E+01 5.86549E-02
 1.40000E+01 1.22596E+02 1.30603E-01
 1.60000E+01 1.50968E+02 1.53166E-01
 1.80000E+01 1.83351E+02 1.79795E-01
 2.00000E+01 2.45182E+02 2.36639E-01
 2.50000E+01 3.01365E+02 2.90162E-01
 3.00000E+01 3.47227E+02 3.37428E-01
 3.50000E+01 4.58527E+02 4.56695E-01
 4.00000E+01 5.19901E+02 5.33459E-01
 4.50000E+01 5.61589E+02 5.94244E-01
 5.00000E+01 6.07051E+02 6.62527E-01
 6.00000E+01 6.77629E+02 7.84147E-01
 7.00000E+01 7.33503E+02 8.94158E-01
 8.00000E+01 7.86885E+02 1.00359E+00
 9.00000E+01 8.61827E+02 1.14291E+00
 1.00000E+02 9.37230E+02 1.28540E+00
