# p + Fe58 Total neutron  production
# Q-value    =-3.09033E+00
# 
# # energies =    24
#    E         xs         Yield
 1.00000E+00 0.00000E+00 0.00000E+00
 2.00000E+00 0.00000E+00 0.00000E+00
 3.00000E+00 0.00000E+00 0.00000E+00
 4.00000E+00 1.28930E+02 9.25165E-01
 5.00000E+00 3.35114E+02 9.26096E-01
 6.00000E+00 4.83844E+02 9.08876E-01
 8.00000E+00 6.34586E+02 8.77201E-01
 1.00000E+01 7.27584E+02 8.41995E-01
 1.20000E+01 7.87438E+02 8.16889E-01
 1.40000E+01 1.13658E+03 1.10507E+00
 1.60000E+01 1.37697E+03 1.28255E+00
 1.80000E+01 1.47329E+03 1.33881E+00
 2.00000E+01 1.49481E+03 1.34044E+00
 2.50000E+01 1.49451E+03 1.31674E+00
 3.00000E+01 1.64309E+03 1.45908E+00
 3.50000E+01 1.66705E+03 1.51268E+00
 4.00000E+01 1.69321E+03 1.57684E+00
 4.50000E+01 1.73455E+03 1.66288E+00
 5.00000E+01 1.75468E+03 1.73300E+00
 6.00000E+01 1.77503E+03 1.85744E+00
 7.00000E+01 1.80942E+03 1.99639E+00
 8.00000E+01 1.83931E+03 2.12714E+00
 9.00000E+01 1.93706E+03 2.33448E+00
 1.00000E+02 2.00843E+03 2.50922E+00
