# p + Fe57 Total neutron  production
# Q-value    =-1.61871E+00
# 
# # energies =    24
#    E         xs         Yield
 1.00000E+00 0.00000E+00 0.00000E+00
 2.00000E+00 1.25763E+00 7.03112E-01
 3.00000E+00 1.93829E+01 6.41111E-01
 4.00000E+00 1.31919E+02 7.93697E-01
 5.00000E+00 2.81843E+02 7.82971E-01
 6.00000E+00 4.01518E+02 7.60272E-01
 8.00000E+00 5.29701E+02 7.38437E-01
 1.00000E+01 5.97955E+02 7.03674E-01
 1.20000E+01 6.54594E+02 6.89864E-01
 1.40000E+01 7.69629E+02 7.59058E-01
 1.60000E+01 9.82024E+02 9.26073E-01
 1.80000E+01 1.09537E+03 1.00641E+00
 2.00000E+01 1.13356E+03 1.02821E+00
 2.50000E+01 1.17039E+03 1.04578E+00
 3.00000E+01 1.33905E+03 1.20552E+00
 3.50000E+01 1.38907E+03 1.27874E+00
 4.00000E+01 1.42704E+03 1.34889E+00
 4.50000E+01 1.46974E+03 1.43041E+00
 5.00000E+01 1.48697E+03 1.49115E+00
 6.00000E+01 1.52637E+03 1.62193E+00
 7.00000E+01 1.55755E+03 1.74491E+00
 8.00000E+01 1.61122E+03 1.89165E+00
 9.00000E+01 1.67956E+03 2.05445E+00
 1.00000E+02 1.76022E+03 2.23156E+00
