# p + Fe56 Total neutron  production
# Q-value    =-5.34900E+00
# 
# # energies =    24
#    E         xs         Yield
 1.00000E+00 0.00000E+00 0.00000E+00
 2.00000E+00 0.00000E+00 0.00000E+00
 3.00000E+00 0.00000E+00 0.00000E+00
 4.00000E+00 0.00000E+00 0.00000E+00
 5.00000E+00 0.00000E+00 0.00000E+00
 6.00000E+00 8.15410E+01 2.52597E-01
 8.00000E+00 3.00411E+02 4.45529E-01
 1.00000E+01 3.53476E+02 4.30047E-01
 1.20000E+01 3.81872E+02 4.14285E-01
 1.40000E+01 3.97886E+02 4.03782E-01
 1.60000E+01 4.96364E+02 4.80816E-01
 1.80000E+01 7.02090E+02 6.60172E-01
 2.00000E+01 8.13245E+02 7.54630E-01
 2.50000E+01 8.96691E+02 8.26314E-01
 3.00000E+01 1.00425E+03 9.32672E-01
 3.50000E+01 1.10179E+03 1.04757E+00
 4.00000E+01 1.10927E+03 1.08451E+00
 4.50000E+01 1.13912E+03 1.14718E+00
 5.00000E+01 1.17028E+03 1.21467E+00
 6.00000E+01 1.20195E+03 1.32196E+00
 7.00000E+01 1.24092E+03 1.43836E+00
 8.00000E+01 1.29303E+03 1.56987E+00
 9.00000E+01 1.36508E+03 1.72584E+00
 1.00000E+02 1.45442E+03 1.90487E+00
