# p + Fe56 Total proton   production
# Q-value    = 0.00000E+00
# 
# # energies =    24
#    E         xs         Yield
 1.00000E+00 2.48516E-29 9.40614E-27
 2.00000E+00 1.61150E-02 7.58695E-02
 3.00000E+00 3.74123E+00 8.76286E-01
 4.00000E+00 3.43422E+01 9.76570E-01
 5.00000E+00 1.25498E+02 9.90708E-01
 6.00000E+00 2.40086E+02 7.43736E-01
 8.00000E+00 3.69092E+02 5.47387E-01
 1.00000E+01 4.50304E+02 5.47851E-01
 1.20000E+01 5.00591E+02 5.43080E-01
 1.40000E+01 5.85306E+02 5.93978E-01
 1.60000E+01 7.61029E+02 7.37190E-01
 1.80000E+01 8.41022E+02 7.90809E-01
 2.00000E+01 9.07492E+02 8.42085E-01
 2.50000E+01 9.56819E+02 8.81723E-01
 3.00000E+01 1.02683E+03 9.53643E-01
 3.50000E+01 1.09029E+03 1.03664E+00
 4.00000E+01 1.13305E+03 1.10776E+00
 4.50000E+01 1.17594E+03 1.18427E+00
 5.00000E+01 1.19273E+03 1.23798E+00
 6.00000E+01 1.21092E+03 1.33182E+00
 7.00000E+01 1.22445E+03 1.41927E+00
 8.00000E+01 1.23586E+03 1.50046E+00
 9.00000E+01 1.25892E+03 1.59163E+00
 1.00000E+02 1.28187E+03 1.67889E+00
