# p + Fe54 Total proton   production
# Q-value    = 0.00000E+00
# 
# # energies =    24
#    E         xs         Yield
 1.00000E+00 0.00000E+00 0.00000E+00
 2.00000E+00 1.09598E-04 2.37519E-03
 3.00000E+00 4.33784E-01 7.56035E-01
 4.00000E+00 1.23810E+01 9.84072E-01
 5.00000E+00 7.24878E+01 9.96596E-01
 6.00000E+00 2.23505E+02 9.98714E-01
 8.00000E+00 5.81420E+02 9.99448E-01
 1.00000E+01 7.69460E+02 9.89371E-01
 1.20000E+01 8.09976E+02 9.26688E-01
 1.40000E+01 8.16468E+02 8.69798E-01
 1.60000E+01 1.03905E+03 1.05418E+00
 1.80000E+01 1.34265E+03 1.31661E+00
 2.00000E+01 1.46984E+03 1.41863E+00
 2.50000E+01 1.51577E+03 1.45942E+00
 3.00000E+01 1.56570E+03 1.52151E+00
 3.50000E+01 1.62948E+03 1.62297E+00
 4.00000E+01 1.62123E+03 1.66351E+00
 4.50000E+01 1.63570E+03 1.73082E+00
 5.00000E+01 1.62930E+03 1.77820E+00
 6.00000E+01 1.60443E+03 1.85664E+00
 7.00000E+01 1.59224E+03 1.94098E+00
 8.00000E+01 1.58919E+03 2.02684E+00
 9.00000E+01 1.60578E+03 2.12950E+00
 1.00000E+02 1.62418E+03 2.22755E+00
