# p + Fe58 Total proton   production
# Q-value    = 0.00000E+00
# 
# # energies =    24
#    E         xs         Yield
 1.00000E+00 1.13995E-25 3.67524E-23
 2.00000E+00 1.67269E-02 3.37407E-02
 3.00000E+00 4.74094E+00 7.30646E-01
 4.00000E+00 9.95409E+00 7.14278E-02
 5.00000E+00 2.63759E+01 7.28906E-02
 6.00000E+00 4.76591E+01 8.95251E-02
 8.00000E+00 8.34694E+01 1.15381E-01
 1.00000E+01 1.21415E+02 1.40507E-01
 1.20000E+01 1.68695E+02 1.75004E-01
 1.40000E+01 2.51136E+02 2.44174E-01
 1.60000E+01 3.14031E+02 2.92497E-01
 1.80000E+01 3.63361E+02 3.30194E-01
 2.00000E+01 4.08767E+02 3.66554E-01
 2.50000E+01 6.41665E+02 5.65339E-01
 3.00000E+01 7.51216E+02 6.67090E-01
 3.50000E+01 7.89046E+02 7.15980E-01
 4.00000E+01 8.39078E+02 7.81410E-01
 4.50000E+01 8.82263E+02 8.45809E-01
 5.00000E+01 9.06930E+02 8.95725E-01
 6.00000E+01 9.45488E+02 9.89383E-01
 7.00000E+01 9.69088E+02 1.06923E+00
 8.00000E+01 9.89092E+02 1.14387E+00
 9.00000E+01 1.01824E+03 1.22715E+00
 1.00000E+02 1.04863E+03 1.31010E+00
