# p + Fe57 Total proton   production
# Q-value    = 0.00000E+00
# 
# # energies =    24
#    E         xs         Yield
 1.00000E+00 2.28225E-05 7.63393E-03
 2.00000E+00 3.64591E-01 2.03833E-01
 3.00000E+00 1.04419E+01 3.45376E-01
 4.00000E+00 3.39543E+01 2.04287E-01
 5.00000E+00 7.76958E+01 2.15842E-01
 6.00000E+00 1.25599E+02 2.37822E-01
 8.00000E+00 1.77693E+02 2.47715E-01
 1.00000E+01 2.53683E+02 2.98535E-01
 1.20000E+01 5.17661E+02 5.45553E-01
 1.40000E+01 7.29208E+02 7.19191E-01
 1.60000E+01 7.27606E+02 6.86150E-01
 1.80000E+01 7.27973E+02 6.68850E-01
 2.00000E+01 7.43698E+02 6.74581E-01
 2.50000E+01 8.29328E+02 7.41034E-01
 3.00000E+01 9.30040E+02 8.37301E-01
 3.50000E+01 9.75479E+02 8.98000E-01
 4.00000E+01 1.00443E+03 9.49417E-01
 4.50000E+01 1.03450E+03 1.00682E+00
 5.00000E+01 1.05947E+03 1.06245E+00
 6.00000E+01 1.08585E+03 1.15383E+00
 7.00000E+01 1.10007E+03 1.23240E+00
 8.00000E+01 1.11926E+03 1.31406E+00
 9.00000E+01 1.14631E+03 1.40218E+00
 1.00000E+02 1.17178E+03 1.48556E+00
