# p + Fe56: Production of Fe53 - Level 22        3.04040 MeV
# Q-value    =-2.84322E+01 mass=  52.945306
# E-threshold= 2.89442E+01
# # energies =    24
#     E          xs      Branching
 1.00000E+00 0.00000E+00 0.00000E+00
 2.00000E+00 0.00000E+00 0.00000E+00
 3.00000E+00 0.00000E+00 0.00000E+00
 4.00000E+00 0.00000E+00 0.00000E+00
 5.00000E+00 0.00000E+00 0.00000E+00
 6.00000E+00 0.00000E+00 0.00000E+00
 8.00000E+00 0.00000E+00 0.00000E+00
 1.00000E+01 0.00000E+00 0.00000E+00
 1.20000E+01 0.00000E+00 0.00000E+00
 1.40000E+01 0.00000E+00 0.00000E+00
 1.60000E+01 0.00000E+00 0.00000E+00
 1.80000E+01 0.00000E+00 0.00000E+00
 2.00000E+01 0.00000E+00 0.00000E+00
 2.50000E+01 0.00000E+00 0.00000E+00
 3.00000E+01 0.00000E+00 0.00000E+00
 3.50000E+01 4.69962E-03 2.42293E-02
 4.00000E+01 3.37807E-02 2.58759E-02
 4.50000E+01 3.84287E-01 4.38421E-02
 5.00000E+01 1.55511E+00 8.77359E-02
 6.00000E+01 1.85220E+00 9.17892E-02
 7.00000E+01 1.27874E+00 7.26655E-02
 8.00000E+01 1.07622E+00 6.63022E-02
 9.00000E+01 8.50024E-01 5.92114E-02
 1.00000E+02 7.84935E-01 5.71969E-02
