# p + Fe57: Production of Co54 - Level  1        0.19710 MeV
# Q-value    =-3.73654E+01 mass=  53.948459
# E-threshold= 3.80264E+01
# # energies =    24
#     E          xs      Branching
 1.00000E+00 0.00000E+00 0.00000E+00
 2.00000E+00 0.00000E+00 0.00000E+00
 3.00000E+00 0.00000E+00 0.00000E+00
 4.00000E+00 0.00000E+00 0.00000E+00
 5.00000E+00 0.00000E+00 0.00000E+00
 6.00000E+00 0.00000E+00 0.00000E+00
 8.00000E+00 0.00000E+00 0.00000E+00
 1.00000E+01 0.00000E+00 0.00000E+00
 1.20000E+01 0.00000E+00 0.00000E+00
 1.40000E+01 0.00000E+00 0.00000E+00
 1.60000E+01 0.00000E+00 0.00000E+00
 1.80000E+01 0.00000E+00 0.00000E+00
 2.00000E+01 0.00000E+00 0.00000E+00
 2.50000E+01 0.00000E+00 0.00000E+00
 3.00000E+01 0.00000E+00 0.00000E+00
 3.50000E+01 0.00000E+00 0.00000E+00
 4.00000E+01 1.69353E-03 9.24321E-01
 4.50000E+01 7.70694E-02 6.67615E-01
 5.00000E+01 1.83715E-01 5.36261E-01
 6.00000E+01 1.20173E-01 4.75937E-01
 7.00000E+01 6.88030E-02 4.45020E-01
 8.00000E+01 4.86768E-02 4.34330E-01
 9.00000E+01 3.81912E-02 4.25510E-01
 1.00000E+02 2.92029E-02 4.30588E-01
