# p + Fe57: Production of Mn52 - Ground state
# Q-value    =-2.07492E+01 mass=  51.945559
# E-threshold= 2.11163E+01
# # energies =    24
#     E          xs      Branching
 1.00000E+00 0.00000E+00 0.00000E+00
 2.00000E+00 0.00000E+00 0.00000E+00
 3.00000E+00 0.00000E+00 0.00000E+00
 4.00000E+00 0.00000E+00 0.00000E+00
 5.00000E+00 0.00000E+00 0.00000E+00
 6.00000E+00 0.00000E+00 0.00000E+00
 8.00000E+00 0.00000E+00 0.00000E+00
 1.00000E+01 0.00000E+00 0.00000E+00
 1.20000E+01 0.00000E+00 0.00000E+00
 1.40000E+01 0.00000E+00 0.00000E+00
 1.60000E+01 0.00000E+00 0.00000E+00
 1.80000E+01 0.00000E+00 0.00000E+00
 2.00000E+01 0.00000E+00 0.00000E+00
 2.50000E+01 0.00000E+00 0.00000E+00
 3.00000E+01 1.21384E+00 8.08219E-01
 3.50000E+01 1.11002E+01 6.54059E-01
 4.00000E+01 1.39868E+01 6.19869E-01
 4.50000E+01 1.02642E+01 6.26894E-01
 5.00000E+01 6.20113E+00 6.28006E-01
 6.00000E+01 4.63074E+00 6.41017E-01
 7.00000E+01 1.33775E+01 6.63909E-01
 8.00000E+01 2.11457E+01 5.93850E-01
 9.00000E+01 2.72456E+01 5.94116E-01
 1.00000E+02 2.92026E+01 5.87357E-01
