# p + Fe58: Production of Co59 - Total
# Q-value    = 7.36354E+00 mass=  58.933194
# E-threshold= 0.00000E+00
# # energies =    24
#     E          xs
 1.00000E+00 3.09683E-03
 2.00000E+00 4.79017E-01
 3.00000E+00 1.74758E+00
 4.00000E+00 4.70836E-01
 5.00000E+00 2.98901E-01
 6.00000E+00 2.89754E-01
 8.00000E+00 3.64647E-01
 1.00000E+01 5.29827E-01
 1.20000E+01 6.87252E-01
 1.40000E+01 8.02286E-01
 1.60000E+01 8.53807E-01
 1.80000E+01 8.34512E-01
 2.00000E+01 7.24123E-01
 2.50000E+01 4.22163E-01
 3.00000E+01 2.61047E-01
 3.50000E+01 1.82663E-01
 4.00000E+01 1.29519E-01
 4.50000E+01 9.81847E-02
 5.00000E+01 8.37303E-02
 6.00000E+01 6.48964E-02
 7.00000E+01 5.54458E-02
 8.00000E+01 4.81648E-02
 9.00000E+01 4.20420E-02
 1.00000E+02 3.95271E-02
