# p + Fe58: Production of Mn55 - Total
# Q-value    = 4.21329E-01 mass=  54.938043
# E-threshold= 0.00000E+00
# # energies =    24
#     E          xs
 1.00000E+00 1.00000E-07
 2.00000E+00 1.00000E-07
 3.00000E+00 1.00000E-07
 4.00000E+00 3.89378E-03
 5.00000E+00 6.83851E-02
 6.00000E+00 5.63375E-01
 8.00000E+00 5.00549E+00
 1.00000E+01 1.45937E+01
 1.20000E+01 2.62158E+01
 1.40000E+01 3.29202E+01
 1.60000E+01 3.62382E+01
 1.80000E+01 3.18083E+01
 2.00000E+01 1.93271E+01
 2.50000E+01 6.62459E+00
 3.00000E+01 3.91499E+00
 3.50000E+01 6.50746E+00
 4.00000E+01 2.03224E+01
 4.50000E+01 4.78313E+01
 5.00000E+01 7.22304E+01
 6.00000E+01 7.51356E+01
 7.00000E+01 6.77276E+01
 8.00000E+01 6.64795E+01
 9.00000E+01 5.65524E+01
 1.00000E+02 5.33143E+01
