# p + Fe57: Production of Co54 - Ground state
# Q-value    =-3.71683E+01 mass=  53.948459
# E-threshold= 3.78258E+01
# # energies =    24
#     E          xs      Branching
 1.00000E+00 0.00000E+00 0.00000E+00
 2.00000E+00 0.00000E+00 0.00000E+00
 3.00000E+00 0.00000E+00 0.00000E+00
 4.00000E+00 0.00000E+00 0.00000E+00
 5.00000E+00 0.00000E+00 0.00000E+00
 6.00000E+00 0.00000E+00 0.00000E+00
 8.00000E+00 0.00000E+00 0.00000E+00
 1.00000E+01 0.00000E+00 0.00000E+00
 1.20000E+01 0.00000E+00 0.00000E+00
 1.40000E+01 0.00000E+00 0.00000E+00
 1.60000E+01 0.00000E+00 0.00000E+00
 1.80000E+01 0.00000E+00 0.00000E+00
 2.00000E+01 0.00000E+00 0.00000E+00
 2.50000E+01 0.00000E+00 0.00000E+00
 3.00000E+01 0.00000E+00 0.00000E+00
 3.50000E+01 0.00000E+00 0.00000E+00
 4.00000E+01 1.38659E-04 7.56793E-02
 4.50000E+01 3.83706E-02 3.32385E-01
 5.00000E+01 1.58871E-01 4.63739E-01
 6.00000E+01 1.32325E-01 5.24063E-01
 7.00000E+01 8.58034E-02 5.54980E-01
 8.00000E+01 6.33965E-02 5.65670E-01
 9.00000E+01 5.15628E-02 5.74490E-01
 1.00000E+02 3.86181E-02 5.69412E-01
