# p + Fe54: Production of Co54 - Level  1        0.19710 MeV
# Q-value    =-9.22400E+00 mass=  53.948459
# E-threshold= 9.39625E+00
# # energies =    24
#     E          xs      Branching
 1.00000E+00 0.00000E+00 0.00000E+00
 2.00000E+00 0.00000E+00 0.00000E+00
 3.00000E+00 0.00000E+00 0.00000E+00
 4.00000E+00 0.00000E+00 0.00000E+00
 5.00000E+00 0.00000E+00 0.00000E+00
 6.00000E+00 0.00000E+00 0.00000E+00
 8.00000E+00 0.00000E+00 0.00000E+00
 1.00000E+01 4.22152E-01 7.13768E-02
 1.20000E+01 8.36093E+00 1.63075E-01
 1.40000E+01 2.46892E+01 2.01319E-01
 1.60000E+01 2.82960E+01 2.32574E-01
 1.80000E+01 1.73034E+01 2.57203E-01
 2.00000E+01 1.03414E+01 2.61604E-01
 2.50000E+01 5.09868E+00 2.45415E-01
 3.00000E+01 3.81047E+00 2.46240E-01
 3.50000E+01 3.14093E+00 2.52380E-01
 4.00000E+01 2.45487E+00 2.53690E-01
 4.50000E+01 1.93466E+00 2.46938E-01
 5.00000E+01 1.56852E+00 2.47867E-01
 6.00000E+01 1.38740E+00 2.80996E-01
 7.00000E+01 9.58226E-01 2.70197E-01
 8.00000E+01 7.25783E-01 2.67984E-01
 9.00000E+01 6.10968E-01 2.67372E-01
 1.00000E+02 4.40104E-01 2.39597E-01
