# p + Fe56: Production of Co54 - Ground state
# Q-value    =-2.95221E+01 mass=  53.948459
# E-threshold= 3.00537E+01
# # energies =    24
#     E          xs      Branching
 1.00000E+00 0.00000E+00 0.00000E+00
 2.00000E+00 0.00000E+00 0.00000E+00
 3.00000E+00 0.00000E+00 0.00000E+00
 4.00000E+00 0.00000E+00 0.00000E+00
 5.00000E+00 0.00000E+00 0.00000E+00
 6.00000E+00 0.00000E+00 0.00000E+00
 8.00000E+00 0.00000E+00 0.00000E+00
 1.00000E+01 0.00000E+00 0.00000E+00
 1.20000E+01 0.00000E+00 0.00000E+00
 1.40000E+01 0.00000E+00 0.00000E+00
 1.60000E+01 0.00000E+00 0.00000E+00
 1.80000E+01 0.00000E+00 0.00000E+00
 2.00000E+01 0.00000E+00 0.00000E+00
 2.50000E+01 0.00000E+00 0.00000E+00
 3.00000E+01 0.00000E+00 0.00000E+00
 3.50000E+01 1.88429E-01 3.46334E-01
 4.00000E+01 1.04519E+00 5.25335E-01
 4.50000E+01 9.09903E-01 5.47363E-01
 5.00000E+01 6.31307E-01 5.58797E-01
 6.00000E+01 4.03286E-01 5.68284E-01
 7.00000E+01 2.98614E-01 5.68698E-01
 8.00000E+01 2.39639E-01 5.68765E-01
 9.00000E+01 1.81145E-01 5.59316E-01
 1.00000E+02 1.62130E-01 5.62975E-01
