# p + Fe54: Production of Fe53 - Ground state
# Q-value    =-1.11539E+01 mass=  52.945306
# E-threshold= 1.13622E+01
# # energies =    24
#     E          xs      Branching
 1.00000E+00 0.00000E+00 0.00000E+00
 2.00000E+00 0.00000E+00 0.00000E+00
 3.00000E+00 0.00000E+00 0.00000E+00
 4.00000E+00 0.00000E+00 0.00000E+00
 5.00000E+00 0.00000E+00 0.00000E+00
 6.00000E+00 0.00000E+00 0.00000E+00
 8.00000E+00 0.00000E+00 0.00000E+00
 1.00000E+01 0.00000E+00 0.00000E+00
 1.20000E+01 0.00000E+00 0.00000E+00
 1.40000E+01 2.77236E-02 1.00000E+00
 1.60000E+01 3.04805E+01 9.99961E-01
 1.80000E+01 1.19366E+02 9.97967E-01
 2.00000E+01 2.11746E+02 9.92111E-01
 2.50000E+01 2.84414E+02 9.47308E-01
 3.00000E+01 2.70303E+02 9.22253E-01
 3.50000E+01 1.93220E+02 9.14613E-01
 4.00000E+01 1.62409E+02 9.14731E-01
 4.50000E+01 1.45241E+02 9.15204E-01
 5.00000E+01 1.30845E+02 9.15923E-01
 6.00000E+01 1.09556E+02 9.17707E-01
 7.00000E+01 9.49260E+01 9.18174E-01
 8.00000E+01 8.32616E+01 9.18079E-01
 9.00000E+01 6.93209E+01 9.19138E-01
 1.00000E+02 6.20164E+01 9.20427E-01
