# p + Fe57: Production of Sc46 - Level  2        0.14253 MeV
# Q-value    =-1.85487E+01 mass=  45.955167
# E-threshold= 1.88768E+01
# # energies =    24
#     E          xs      Branching
 1.00000E+00 0.00000E+00 0.00000E+00
 2.00000E+00 0.00000E+00 0.00000E+00
 3.00000E+00 0.00000E+00 0.00000E+00
 4.00000E+00 0.00000E+00 0.00000E+00
 5.00000E+00 0.00000E+00 0.00000E+00
 6.00000E+00 0.00000E+00 0.00000E+00
 8.00000E+00 0.00000E+00 0.00000E+00
 1.00000E+01 0.00000E+00 0.00000E+00
 1.20000E+01 0.00000E+00 0.00000E+00
 1.40000E+01 0.00000E+00 0.00000E+00
 1.60000E+01 0.00000E+00 0.00000E+00
 1.80000E+01 0.00000E+00 0.00000E+00
 2.00000E+01 0.00000E+00 0.00000E+00
 2.50000E+01 0.00000E+00 0.00000E+00
 3.00000E+01 0.00000E+00 0.00000E+00
 3.50000E+01 0.00000E+00 0.00000E+00
 4.00000E+01 0.00000E+00 0.00000E+00
 4.50000E+01 0.00000E+00 0.00000E+00
 5.00000E+01 7.07206E-04 1.79631E-01
 6.00000E+01 8.32516E-04 1.88985E-01
 7.00000E+01 5.23135E-04 1.84214E-01
 8.00000E+01 1.99645E-03 1.70601E-01
 9.00000E+01 1.11406E-02 1.79685E-01
 1.00000E+02 2.89951E-02 1.80719E-01
