# p + Fe57: Production of Co58 - Level  1        0.02495 MeV
# Q-value    = 6.92929E+00 mass=  57.935751
# E-threshold= 0.00000E+00
# # energies =    24
#     E          xs      Branching
 1.00000E+00 3.30612E-04 1.11614E-01
 2.00000E+00 1.61668E-02 9.71319E-02
 3.00000E+00 4.99364E-02 1.22233E-01
 4.00000E+00 5.52459E-02 1.65333E-01
 5.00000E+00 7.66959E-02 1.97926E-01
 6.00000E+00 1.04803E-01 2.25929E-01
 8.00000E+00 1.61345E-01 2.82079E-01
 1.00000E+01 2.35315E-01 3.43247E-01
 1.20000E+01 3.19630E-01 3.82882E-01
 1.40000E+01 3.98760E-01 3.97768E-01
 1.60000E+01 4.21130E-01 4.08234E-01
 1.80000E+01 3.94168E-01 4.18251E-01
 2.00000E+01 3.23302E-01 4.26412E-01
 2.50000E+01 1.42728E-01 4.25194E-01
 3.00000E+01 8.07457E-02 4.19690E-01
 3.50000E+01 5.46638E-02 4.21566E-01
 4.00000E+01 3.67106E-02 4.20977E-01
 4.50000E+01 3.08723E-02 4.19903E-01
 5.00000E+01 2.45155E-02 4.15254E-01
 6.00000E+01 1.96330E-02 4.15614E-01
 7.00000E+01 1.91594E-02 4.15007E-01
 8.00000E+01 1.54634E-02 4.14076E-01
 9.00000E+01 1.47947E-02 4.12591E-01
 1.00000E+02 1.10803E-02 4.08540E-01
