# p + Fe56: Production of Fe52 - Level 42        6.95800 MeV
# Q-value    =-4.30365E+01 mass=  51.948113
# E-threshold= 4.38115E+01
# # energies =    24
#     E          xs      Branching
 1.00000E+00 0.00000E+00 0.00000E+00
 2.00000E+00 0.00000E+00 0.00000E+00
 3.00000E+00 0.00000E+00 0.00000E+00
 4.00000E+00 0.00000E+00 0.00000E+00
 5.00000E+00 0.00000E+00 0.00000E+00
 6.00000E+00 0.00000E+00 0.00000E+00
 8.00000E+00 0.00000E+00 0.00000E+00
 1.00000E+01 0.00000E+00 0.00000E+00
 1.20000E+01 0.00000E+00 0.00000E+00
 1.40000E+01 0.00000E+00 0.00000E+00
 1.60000E+01 0.00000E+00 0.00000E+00
 1.80000E+01 0.00000E+00 0.00000E+00
 2.00000E+01 0.00000E+00 0.00000E+00
 2.50000E+01 0.00000E+00 0.00000E+00
 3.00000E+01 0.00000E+00 0.00000E+00
 3.50000E+01 0.00000E+00 0.00000E+00
 4.00000E+01 0.00000E+00 0.00000E+00
 4.50000E+01 0.00000E+00 0.00000E+00
 5.00000E+01 3.96581E-05 1.06825E-03
 6.00000E+01 2.07890E-03 3.99879E-03
 7.00000E+01 1.23201E-02 1.12785E-02
 8.00000E+01 1.25994E-02 1.02204E-02
 9.00000E+01 1.06735E-02 8.70283E-03
 1.00000E+02 8.08523E-03 6.69270E-03
