# p + Fe58: Production of Co58 - Ground state
# Q-value    =-3.09033E+00 mass=  57.935751
# E-threshold= 3.14406E+00
# # energies =    24
#     E          xs      Branching
 1.00000E+00 0.00000E+00 0.00000E+00
 2.00000E+00 0.00000E+00 0.00000E+00
 3.00000E+00 0.00000E+00 0.00000E+00
 4.00000E+00 1.06913E+02 8.29230E-01
 5.00000E+00 2.70875E+02 8.08300E-01
 6.00000E+00 3.82484E+02 7.90476E-01
 8.00000E+00 4.68371E+02 7.37969E-01
 1.00000E+01 4.98139E+02 6.84473E-01
 1.20000E+01 4.82792E+02 6.37416E-01
 1.40000E+01 2.43584E+02 5.91546E-01
 1.60000E+01 1.09864E+02 5.63132E-01
 1.80000E+01 6.01537E+01 5.55949E-01
 2.00000E+01 4.16107E+01 5.60147E-01
 2.50000E+01 2.73779E+01 5.66019E-01
 3.00000E+01 2.05714E+01 5.65071E-01
 3.50000E+01 1.59292E+01 5.67321E-01
 4.00000E+01 1.20573E+01 5.69912E-01
 4.50000E+01 9.61554E+00 5.72196E-01
 5.00000E+01 7.94036E+00 5.73313E-01
 6.00000E+01 5.65493E+00 5.72098E-01
 7.00000E+01 3.99263E+00 5.75930E-01
 8.00000E+01 3.53753E+00 5.79321E-01
 9.00000E+01 2.26148E+00 5.81056E-01
 1.00000E+02 1.99307E+00 5.84357E-01
