# p + Fe56: Production of Mn52 - Ground state
# Q-value    =-1.31030E+01 mass=  51.945559
# E-threshold= 1.33390E+01
# # energies =    24
#     E          xs      Branching
 1.00000E+00 0.00000E+00 0.00000E+00
 2.00000E+00 0.00000E+00 0.00000E+00
 3.00000E+00 0.00000E+00 0.00000E+00
 4.00000E+00 0.00000E+00 0.00000E+00
 5.00000E+00 0.00000E+00 0.00000E+00
 6.00000E+00 0.00000E+00 0.00000E+00
 8.00000E+00 0.00000E+00 0.00000E+00
 1.00000E+01 0.00000E+00 0.00000E+00
 1.20000E+01 0.00000E+00 0.00000E+00
 1.40000E+01 0.00000E+00 0.00000E+00
 1.60000E+01 0.00000E+00 0.00000E+00
 1.80000E+01 1.83210E-03 9.45651E-01
 2.00000E+01 3.83158E-01 7.96765E-01
 2.50000E+01 1.50165E+01 5.54090E-01
 3.00000E+01 1.92589E+01 5.53787E-01
 3.50000E+01 1.18655E+01 5.87592E-01
 4.00000E+01 5.96611E+00 5.97899E-01
 4.50000E+01 4.06331E+00 5.99913E-01
 5.00000E+01 4.58819E+00 6.14174E-01
 6.00000E+01 2.47116E+01 6.59202E-01
 7.00000E+01 3.91498E+01 6.12249E-01
 8.00000E+01 3.78760E+01 5.60953E-01
 9.00000E+01 3.66510E+01 5.67382E-01
 1.00000E+02 3.32438E+01 5.51631E-01
