# p + Fe57: Production of Co58 - Ground state
# Q-value    = 6.95424E+00 mass=  57.935751
# E-threshold= 0.00000E+00
# # energies =    24
#     E          xs      Branching
 1.00000E+00 2.63149E-03 8.88386E-01
 2.00000E+00 1.50275E-01 9.02868E-01
 3.00000E+00 3.58599E-01 8.77767E-01
 4.00000E+00 2.78903E-01 8.34667E-01
 5.00000E+00 3.10803E-01 8.02074E-01
 6.00000E+00 3.59072E-01 7.74071E-01
 8.00000E+00 4.10639E-01 7.17921E-01
 1.00000E+01 4.50240E-01 6.56753E-01
 1.20000E+01 5.15169E-01 6.17118E-01
 1.40000E+01 6.03733E-01 6.02232E-01
 1.60000E+01 6.10460E-01 5.91766E-01
 1.80000E+01 5.48252E-01 5.81749E-01
 2.00000E+01 4.34890E-01 5.73588E-01
 2.50000E+01 1.92949E-01 5.74806E-01
 3.00000E+01 1.11648E-01 5.80310E-01
 3.50000E+01 7.50046E-02 5.78434E-01
 4.00000E+01 5.04927E-02 5.79023E-01
 4.50000E+01 4.26502E-02 5.80097E-01
 5.00000E+01 3.45217E-02 5.84746E-01
 6.00000E+01 2.76055E-02 5.84386E-01
 7.00000E+01 2.70071E-02 5.84993E-01
 8.00000E+01 2.18809E-02 5.85924E-01
 9.00000E+01 2.10634E-02 5.87409E-01
 1.00000E+02 1.60414E-02 5.91460E-01
