# p + Fe56: Production of Fe53 - Ground state
# Q-value    =-2.53918E+01 mass=  52.945306
# E-threshold= 2.58491E+01
# # energies =    24
#     E          xs      Branching
 1.00000E+00 0.00000E+00 0.00000E+00
 2.00000E+00 0.00000E+00 0.00000E+00
 3.00000E+00 0.00000E+00 0.00000E+00
 4.00000E+00 0.00000E+00 0.00000E+00
 5.00000E+00 0.00000E+00 0.00000E+00
 6.00000E+00 0.00000E+00 0.00000E+00
 8.00000E+00 0.00000E+00 0.00000E+00
 1.00000E+01 0.00000E+00 0.00000E+00
 1.20000E+01 0.00000E+00 0.00000E+00
 1.40000E+01 0.00000E+00 0.00000E+00
 1.60000E+01 0.00000E+00 0.00000E+00
 1.80000E+01 0.00000E+00 0.00000E+00
 2.00000E+01 0.00000E+00 0.00000E+00
 2.50000E+01 0.00000E+00 0.00000E+00
 3.00000E+01 4.30921E-03 1.00000E+00
 3.50000E+01 1.89265E-01 9.75771E-01
 4.00000E+01 1.27171E+00 9.74124E-01
 4.50000E+01 8.38095E+00 9.56158E-01
 5.00000E+01 1.61698E+01 9.12264E-01
 6.00000E+01 1.83266E+01 9.08211E-01
 7.00000E+01 1.63188E+01 9.27335E-01
 8.00000E+01 1.51558E+01 9.33698E-01
 9.00000E+01 1.35057E+01 9.40789E-01
 1.00000E+02 1.29385E+01 9.42803E-01
