# p + Fe54: Production of Fe52 - Ground state
# Q-value    =-1.55833E+01 mass=  51.948113
# E-threshold= 1.58744E+01
# # energies =    24
#     E          xs      Branching
 1.00000E+00 0.00000E+00 0.00000E+00
 2.00000E+00 0.00000E+00 0.00000E+00
 3.00000E+00 0.00000E+00 0.00000E+00
 4.00000E+00 0.00000E+00 0.00000E+00
 5.00000E+00 0.00000E+00 0.00000E+00
 6.00000E+00 0.00000E+00 0.00000E+00
 8.00000E+00 0.00000E+00 0.00000E+00
 1.00000E+01 0.00000E+00 0.00000E+00
 1.20000E+01 0.00000E+00 0.00000E+00
 1.40000E+01 0.00000E+00 0.00000E+00
 1.60000E+01 0.00000E+00 0.00000E+00
 1.80000E+01 0.00000E+00 0.00000E+00
 2.00000E+01 8.29884E-03 1.00000E+00
 2.50000E+01 6.21789E-02 9.63085E-01
 3.00000E+01 2.94485E+00 9.70340E-01
 3.50000E+01 1.82633E+01 9.91786E-01
 4.00000E+01 2.10759E+01 9.88153E-01
 4.50000E+01 1.92916E+01 9.82456E-01
 5.00000E+01 1.73612E+01 9.84051E-01
 6.00000E+01 1.55190E+01 9.87906E-01
 7.00000E+01 1.42432E+01 9.88861E-01
 8.00000E+01 1.29542E+01 9.90053E-01
 9.00000E+01 1.20329E+01 9.91346E-01
 1.00000E+02 1.15463E+01 9.92435E-01
