# p + Fe58: Production of Mn52 - Level  1        0.37775 MeV
# Q-value    =-3.11715E+01 mass=  51.945559
# E-threshold= 3.17135E+01
# # energies =    24
#     E          xs      Branching
 1.00000E+00 0.00000E+00 0.00000E+00
 2.00000E+00 0.00000E+00 0.00000E+00
 3.00000E+00 0.00000E+00 0.00000E+00
 4.00000E+00 0.00000E+00 0.00000E+00
 5.00000E+00 0.00000E+00 0.00000E+00
 6.00000E+00 0.00000E+00 0.00000E+00
 8.00000E+00 0.00000E+00 0.00000E+00
 1.00000E+01 0.00000E+00 0.00000E+00
 1.20000E+01 0.00000E+00 0.00000E+00
 1.40000E+01 0.00000E+00 0.00000E+00
 1.60000E+01 0.00000E+00 0.00000E+00
 1.80000E+01 0.00000E+00 0.00000E+00
 2.00000E+01 0.00000E+00 0.00000E+00
 2.50000E+01 0.00000E+00 0.00000E+00
 3.00000E+01 0.00000E+00 0.00000E+00
 3.50000E+01 0.00000E+00 0.00000E+00
 4.00000E+01 1.34355E-02 1.18220E-01
 4.50000E+01 1.20540E+00 2.72217E-01
 5.00000E+01 3.55697E+00 3.22618E-01
 6.00000E+01 2.89534E+00 3.44454E-01
 7.00000E+01 1.73295E+00 3.33085E-01
 8.00000E+01 3.16879E+00 3.37698E-01
 9.00000E+01 7.75396E+00 3.46200E-01
 1.00000E+02 1.27919E+01 3.68813E-01
