# p + Fe58: Production of Co58 - Level  1        0.02495 MeV
# Q-value    =-3.11528E+00 mass=  57.935751
# E-threshold= 3.16945E+00
# # energies =    24
#     E          xs      Branching
 1.00000E+00 0.00000E+00 0.00000E+00
 2.00000E+00 0.00000E+00 0.00000E+00
 3.00000E+00 0.00000E+00 0.00000E+00
 4.00000E+00 2.20174E+01 1.70770E-01
 5.00000E+00 6.42421E+01 1.91700E-01
 6.00000E+00 1.01381E+02 2.09524E-01
 8.00000E+00 1.66305E+02 2.62031E-01
 1.00000E+01 2.29631E+02 3.15527E-01
 1.20000E+01 2.74629E+02 3.62584E-01
 1.40000E+01 1.68191E+02 4.08454E-01
 1.60000E+01 8.52310E+01 4.36868E-01
 1.80000E+01 4.80464E+01 4.44051E-01
 2.00000E+01 3.26747E+01 4.39853E-01
 2.50000E+01 2.09913E+01 4.33981E-01
 3.00000E+01 1.58336E+01 4.34929E-01
 3.50000E+01 1.21487E+01 4.32679E-01
 4.00000E+01 9.09912E+00 4.30088E-01
 4.50000E+01 7.18910E+00 4.27804E-01
 5.00000E+01 5.90958E+00 4.26687E-01
 6.00000E+01 4.22961E+00 4.27902E-01
 7.00000E+01 2.93987E+00 4.24070E-01
 8.00000E+01 2.56881E+00 4.20679E-01
 9.00000E+01 1.63054E+00 4.18944E-01
 1.00000E+02 1.41764E+00 4.15643E-01
