# p + Fe56: Production of Co57 - Total
# Q-value    = 6.02746E+00 mass=  56.936290
# E-threshold= 0.00000E+00
# # energies =    24
#     E          xs
 1.00000E+00 2.63423E-03
 2.00000E+00 1.96288E-01
 3.00000E+00 5.28185E-01
 4.00000E+00 8.23943E-01
 5.00000E+00 1.17589E+00
 6.00000E+00 1.11322E+00
 8.00000E+00 6.97112E-01
 1.00000E+01 6.58857E-01
 1.20000E+01 8.13432E-01
 1.40000E+01 1.02021E+00
 1.60000E+01 1.15352E+00
 1.80000E+01 1.15074E+00
 2.00000E+01 1.00596E+00
 2.50000E+01 4.95963E-01
 3.00000E+01 2.61697E-01
 3.50000E+01 1.63020E-01
 4.00000E+01 1.11741E-01
 4.50000E+01 8.03074E-02
 5.00000E+01 6.71223E-02
 6.00000E+01 5.35677E-02
 7.00000E+01 4.82100E-02
 8.00000E+01 4.37737E-02
 9.00000E+01 3.89079E-02
 1.00000E+02 3.36799E-02
