# p + Fe54: Production of Fe53 - Level 22        3.04040 MeV
# Q-value    =-1.41943E+01 mass=  52.945306
# E-threshold= 1.44593E+01
# # energies =    24
#     E          xs      Branching
 1.00000E+00 0.00000E+00 0.00000E+00
 2.00000E+00 0.00000E+00 0.00000E+00
 3.00000E+00 0.00000E+00 0.00000E+00
 4.00000E+00 0.00000E+00 0.00000E+00
 5.00000E+00 0.00000E+00 0.00000E+00
 6.00000E+00 0.00000E+00 0.00000E+00
 8.00000E+00 0.00000E+00 0.00000E+00
 1.00000E+01 0.00000E+00 0.00000E+00
 1.20000E+01 0.00000E+00 0.00000E+00
 1.40000E+01 0.00000E+00 0.00000E+00
 1.60000E+01 1.19275E-03 3.91300E-05
 1.80000E+01 2.43167E-01 2.03301E-03
 2.00000E+01 1.68368E+00 7.88869E-03
 2.50000E+01 1.58198E+01 5.26915E-02
 3.00000E+01 2.27868E+01 7.77470E-02
 3.50000E+01 1.80388E+01 8.53873E-02
 4.00000E+01 1.51394E+01 8.52692E-02
 4.50000E+01 1.34570E+01 8.47960E-02
 5.00000E+01 1.20108E+01 8.40766E-02
 6.00000E+01 9.82416E+00 8.22929E-02
 7.00000E+01 8.45967E+00 8.18264E-02
 8.00000E+01 7.42954E+00 8.19214E-02
 9.00000E+01 6.09858E+00 8.08621E-02
 1.00000E+02 5.36145E+00 7.95728E-02
