# p + Fe57: Production of Co58 - Total
# Q-value    = 6.95424E+00 mass=  57.935751
# E-threshold= 0.00000E+00
# # energies =    24
#     E          xs
 1.00000E+00 2.96210E-03
 2.00000E+00 1.66442E-01
 3.00000E+00 4.08536E-01
 4.00000E+00 3.34149E-01
 5.00000E+00 3.87499E-01
 6.00000E+00 4.63875E-01
 8.00000E+00 5.71984E-01
 1.00000E+01 6.85555E-01
 1.20000E+01 8.34799E-01
 1.40000E+01 1.00249E+00
 1.60000E+01 1.03159E+00
 1.80000E+01 9.42420E-01
 2.00000E+01 7.58192E-01
 2.50000E+01 3.35677E-01
 3.00000E+01 1.92394E-01
 3.50000E+01 1.29668E-01
 4.00000E+01 8.72033E-02
 4.50000E+01 7.35225E-02
 5.00000E+01 5.90372E-02
 6.00000E+01 4.72385E-02
 7.00000E+01 4.61665E-02
 8.00000E+01 3.73442E-02
 9.00000E+01 3.58582E-02
 1.00000E+02 2.71217E-02
