# p + Fe56: Production of Mn50 - Level  1        0.22528 MeV
# Q-value    =-3.75555E+01 mass=  49.954238
# E-threshold= 3.82318E+01
# # energies =    24
#     E          xs      Branching
 1.00000E+00 0.00000E+00 0.00000E+00
 2.00000E+00 0.00000E+00 0.00000E+00
 3.00000E+00 0.00000E+00 0.00000E+00
 4.00000E+00 0.00000E+00 0.00000E+00
 5.00000E+00 0.00000E+00 0.00000E+00
 6.00000E+00 0.00000E+00 0.00000E+00
 8.00000E+00 0.00000E+00 0.00000E+00
 1.00000E+01 0.00000E+00 0.00000E+00
 1.20000E+01 0.00000E+00 0.00000E+00
 1.40000E+01 0.00000E+00 0.00000E+00
 1.60000E+01 0.00000E+00 0.00000E+00
 1.80000E+01 0.00000E+00 0.00000E+00
 2.00000E+01 0.00000E+00 0.00000E+00
 2.50000E+01 0.00000E+00 0.00000E+00
 3.00000E+01 0.00000E+00 0.00000E+00
 3.50000E+01 0.00000E+00 0.00000E+00
 4.00000E+01 0.00000E+00 0.00000E+00
 4.50000E+01 0.00000E+00 0.00000E+00
 5.00000E+01 1.46016E-02 7.73453E-01
 6.00000E+01 1.31024E-01 6.04487E-01
 7.00000E+01 9.41631E-02 5.74558E-01
 8.00000E+01 9.41848E-02 5.78788E-01
 9.00000E+01 2.07617E-01 6.03534E-01
 1.00000E+02 4.33817E-01 5.63581E-01
