# p + Fe54: Production of Mn50 - Level  1        0.22528 MeV
# Q-value    =-1.70603E+01 mass=  49.954238
# E-threshold= 1.73789E+01
# # energies =    24
#     E          xs      Branching
 1.00000E+00 0.00000E+00 0.00000E+00
 2.00000E+00 0.00000E+00 0.00000E+00
 3.00000E+00 0.00000E+00 0.00000E+00
 4.00000E+00 0.00000E+00 0.00000E+00
 5.00000E+00 0.00000E+00 0.00000E+00
 6.00000E+00 0.00000E+00 0.00000E+00
 8.00000E+00 0.00000E+00 0.00000E+00
 1.00000E+01 0.00000E+00 0.00000E+00
 1.20000E+01 0.00000E+00 0.00000E+00
 1.40000E+01 0.00000E+00 0.00000E+00
 1.60000E+01 0.00000E+00 0.00000E+00
 1.80000E+01 0.00000E+00 0.00000E+00
 2.00000E+01 0.00000E+00 0.00000E+00
 2.50000E+01 9.94910E-02 7.23066E-01
 3.00000E+01 1.99021E+00 5.22583E-01
 3.50000E+01 2.25448E+00 4.93654E-01
 4.00000E+01 1.15672E+00 4.98579E-01
 4.50000E+01 7.14957E-01 4.95174E-01
 5.00000E+01 5.55054E-01 4.93276E-01
 6.00000E+01 8.35409E-01 5.48270E-01
 7.00000E+01 1.98286E+00 5.38793E-01
 8.00000E+01 2.48536E+00 5.24443E-01
 9.00000E+01 2.56619E+00 4.94235E-01
 1.00000E+02 2.62075E+00 4.73298E-01
