# p + Fe54: Production of Sc42 - Ground state
# Q-value    =-3.21907E+01 mass=  41.965517
# E-threshold= 3.27918E+01
# # energies =    24
#     E          xs      Branching
 1.00000E+00 0.00000E+00 0.00000E+00
 2.00000E+00 0.00000E+00 0.00000E+00
 3.00000E+00 0.00000E+00 0.00000E+00
 4.00000E+00 0.00000E+00 0.00000E+00
 5.00000E+00 0.00000E+00 0.00000E+00
 6.00000E+00 0.00000E+00 0.00000E+00
 8.00000E+00 0.00000E+00 0.00000E+00
 1.00000E+01 0.00000E+00 0.00000E+00
 1.20000E+01 0.00000E+00 0.00000E+00
 1.40000E+01 0.00000E+00 0.00000E+00
 1.60000E+01 0.00000E+00 0.00000E+00
 1.80000E+01 0.00000E+00 0.00000E+00
 2.00000E+01 0.00000E+00 0.00000E+00
 2.50000E+01 0.00000E+00 0.00000E+00
 3.00000E+01 0.00000E+00 0.00000E+00
 3.50000E+01 0.00000E+00 0.00000E+00
 4.00000E+01 0.00000E+00 0.00000E+00
 4.50000E+01 0.00000E+00 0.00000E+00
 5.00000E+01 0.00000E+00 0.00000E+00
 6.00000E+01 0.00000E+00 0.00000E+00
 7.00000E+01 3.43606E-03 5.34337E-01
 8.00000E+01 3.91591E-03 5.32228E-01
 9.00000E+01 7.40280E-03 4.99924E-01
 1.00000E+02 4.40894E-02 4.83301E-01
