# p + Fe54: Production of Mn52 - Ground state
# Q-value    =-1.31855E+01 mass=  51.945559
# E-threshold= 1.34317E+01
# # energies =    24
#     E          xs      Branching
 1.00000E+00 0.00000E+00 0.00000E+00
 2.00000E+00 0.00000E+00 0.00000E+00
 3.00000E+00 0.00000E+00 0.00000E+00
 4.00000E+00 0.00000E+00 0.00000E+00
 5.00000E+00 0.00000E+00 0.00000E+00
 6.00000E+00 0.00000E+00 0.00000E+00
 8.00000E+00 0.00000E+00 0.00000E+00
 1.00000E+01 0.00000E+00 0.00000E+00
 1.20000E+01 0.00000E+00 0.00000E+00
 1.40000E+01 0.00000E+00 0.00000E+00
 1.60000E+01 0.00000E+00 0.00000E+00
 1.80000E+01 0.00000E+00 0.00000E+00
 2.00000E+01 2.58152E-03 5.47016E-01
 2.50000E+01 8.66806E-01 5.18710E-01
 3.00000E+01 4.37894E+01 6.59596E-01
 3.50000E+01 1.52160E+02 6.37563E-01
 4.00000E+01 1.88354E+02 6.10958E-01
 4.50000E+01 1.62902E+02 6.03553E-01
 5.00000E+01 1.30298E+02 5.92853E-01
 6.00000E+01 1.05589E+02 5.87749E-01
 7.00000E+01 9.31191E+01 5.88815E-01
 8.00000E+01 8.27529E+01 5.80339E-01
 9.00000E+01 7.65233E+01 5.80719E-01
 1.00000E+02 6.55010E+01 5.72960E-01
