# p + Fe54: Production of Mn52 - Level  1        0.37775 MeV
# Q-value    =-1.35632E+01 mass=  51.945559
# E-threshold= 1.38165E+01
# # energies =    24
#     E          xs      Branching
 1.00000E+00 0.00000E+00 0.00000E+00
 2.00000E+00 0.00000E+00 0.00000E+00
 3.00000E+00 0.00000E+00 0.00000E+00
 4.00000E+00 0.00000E+00 0.00000E+00
 5.00000E+00 0.00000E+00 0.00000E+00
 6.00000E+00 0.00000E+00 0.00000E+00
 8.00000E+00 0.00000E+00 0.00000E+00
 1.00000E+01 0.00000E+00 0.00000E+00
 1.20000E+01 0.00000E+00 0.00000E+00
 1.40000E+01 0.00000E+00 0.00000E+00
 1.60000E+01 0.00000E+00 0.00000E+00
 1.80000E+01 0.00000E+00 0.00000E+00
 2.00000E+01 2.13776E-03 4.52984E-01
 2.50000E+01 8.04274E-01 4.81290E-01
 3.00000E+01 2.25988E+01 3.40404E-01
 3.50000E+01 8.64986E+01 3.62437E-01
 4.00000E+01 1.19939E+02 3.89042E-01
 4.50000E+01 1.07003E+02 3.96447E-01
 5.00000E+01 8.94831E+01 4.07147E-01
 6.00000E+01 7.40607E+01 4.12251E-01
 7.00000E+01 6.50275E+01 4.11185E-01
 8.00000E+01 5.98411E+01 4.19661E-01
 9.00000E+01 5.52501E+01 4.19281E-01
 1.00000E+02 4.88194E+01 4.27040E-01
