# p + Fe56: Production of Mn52 - Level  1        0.37775 MeV
# Q-value    =-1.34808E+01 mass=  51.945559
# E-threshold= 1.37236E+01
# # energies =    24
#     E          xs      Branching
 1.00000E+00 0.00000E+00 0.00000E+00
 2.00000E+00 0.00000E+00 0.00000E+00
 3.00000E+00 0.00000E+00 0.00000E+00
 4.00000E+00 0.00000E+00 0.00000E+00
 5.00000E+00 0.00000E+00 0.00000E+00
 6.00000E+00 0.00000E+00 0.00000E+00
 8.00000E+00 0.00000E+00 0.00000E+00
 1.00000E+01 0.00000E+00 0.00000E+00
 1.20000E+01 0.00000E+00 0.00000E+00
 1.40000E+01 0.00000E+00 0.00000E+00
 1.60000E+01 0.00000E+00 0.00000E+00
 1.80000E+01 1.05295E-04 5.43488E-02
 2.00000E+01 9.77342E-02 2.03235E-01
 2.50000E+01 1.20846E+01 4.45910E-01
 3.00000E+01 1.55178E+01 4.46213E-01
 3.50000E+01 8.32790E+00 4.12408E-01
 4.00000E+01 4.01235E+00 4.02101E-01
 4.50000E+01 2.70986E+00 4.00087E-01
 5.00000E+01 2.88231E+00 3.85826E-01
 6.00000E+01 1.27755E+01 3.40798E-01
 7.00000E+01 2.47945E+01 3.87751E-01
 8.00000E+01 2.96448E+01 4.39047E-01
 9.00000E+01 2.79457E+01 4.32618E-01
 1.00000E+02 2.70208E+01 4.48369E-01
