# p + Fe54: Production of Co55 - Total
# Q-value    = 5.06435E+00 mass=  54.941996
# E-threshold= 0.00000E+00
# # energies =    24
#     E          xs
 1.00000E+00 1.33016E-03
 2.00000E+00 4.60309E-02
 3.00000E+00 1.39984E-01
 4.00000E+00 2.00400E-01
 5.00000E+00 2.47641E-01
 6.00000E+00 2.88499E-01
 8.00000E+00 3.00492E-01
 1.00000E+01 3.10901E-01
 1.20000E+01 4.19502E-01
 1.40000E+01 6.38560E-01
 1.60000E+01 8.64601E-01
 1.80000E+01 9.59248E-01
 2.00000E+01 8.52454E-01
 2.50000E+01 4.13638E-01
 3.00000E+01 2.23354E-01
 3.50000E+01 1.46172E-01
 4.00000E+01 1.01810E-01
 4.50000E+01 7.52842E-02
 5.00000E+01 6.21312E-02
 6.00000E+01 4.60379E-02
 7.00000E+01 3.96194E-02
 8.00000E+01 3.56831E-02
 9.00000E+01 3.13878E-02
 1.00000E+02 2.66982E-02
