# p + Fe57: Production of Mn52 - Level  1        0.37775 MeV
# Q-value    =-2.11270E+01 mass=  51.945559
# E-threshold= 2.15007E+01
# # energies =    24
#     E          xs      Branching
 1.00000E+00 0.00000E+00 0.00000E+00
 2.00000E+00 0.00000E+00 0.00000E+00
 3.00000E+00 0.00000E+00 0.00000E+00
 4.00000E+00 0.00000E+00 0.00000E+00
 5.00000E+00 0.00000E+00 0.00000E+00
 6.00000E+00 0.00000E+00 0.00000E+00
 8.00000E+00 0.00000E+00 0.00000E+00
 1.00000E+01 0.00000E+00 0.00000E+00
 1.20000E+01 0.00000E+00 0.00000E+00
 1.40000E+01 0.00000E+00 0.00000E+00
 1.60000E+01 0.00000E+00 0.00000E+00
 1.80000E+01 0.00000E+00 0.00000E+00
 2.00000E+01 0.00000E+00 0.00000E+00
 2.50000E+01 0.00000E+00 0.00000E+00
 3.00000E+01 2.88030E-01 1.91781E-01
 3.50000E+01 5.87105E+00 3.45941E-01
 4.00000E+01 8.57734E+00 3.80131E-01
 4.50000E+01 6.10893E+00 3.73106E-01
 5.00000E+01 3.67319E+00 3.71994E-01
 6.00000E+01 2.59331E+00 3.58983E-01
 7.00000E+01 6.77211E+00 3.36091E-01
 8.00000E+01 1.44621E+01 4.06150E-01
 9.00000E+01 1.86135E+01 4.05884E-01
 1.00000E+02 2.05160E+01 4.12643E-01
