# p + Fe57: Production of Fe53 - Ground state
# Q-value    =-3.30380E+01 mass=  52.945306
# E-threshold= 3.36225E+01
# # energies =    24
#     E          xs      Branching
 1.00000E+00 0.00000E+00 0.00000E+00
 2.00000E+00 0.00000E+00 0.00000E+00
 3.00000E+00 0.00000E+00 0.00000E+00
 4.00000E+00 0.00000E+00 0.00000E+00
 5.00000E+00 0.00000E+00 0.00000E+00
 6.00000E+00 0.00000E+00 0.00000E+00
 8.00000E+00 0.00000E+00 0.00000E+00
 1.00000E+01 0.00000E+00 0.00000E+00
 1.20000E+01 0.00000E+00 0.00000E+00
 1.40000E+01 0.00000E+00 0.00000E+00
 1.60000E+01 0.00000E+00 0.00000E+00
 1.80000E+01 0.00000E+00 0.00000E+00
 2.00000E+01 0.00000E+00 0.00000E+00
 2.50000E+01 0.00000E+00 0.00000E+00
 3.00000E+01 0.00000E+00 0.00000E+00
 3.50000E+01 0.00000E+00 0.00000E+00
 4.00000E+01 1.05525E-02 9.99501E-01
 4.50000E+01 1.04609E-01 9.33557E-01
 5.00000E+01 5.48223E-01 9.40003E-01
 6.00000E+01 4.77170E+00 8.90472E-01
 7.00000E+01 6.78457E+00 8.98349E-01
 8.00000E+01 7.01105E+00 9.18128E-01
 9.00000E+01 6.76552E+00 9.30761E-01
 1.00000E+02 6.57941E+00 9.40905E-01
