# p + Fe54: Production of Fe52 - Level 42        6.95800 MeV
# Q-value    =-2.25413E+01 mass=  51.948113
# E-threshold= 2.29623E+01
# # energies =    24
#     E          xs      Branching
 1.00000E+00 0.00000E+00 0.00000E+00
 2.00000E+00 0.00000E+00 0.00000E+00
 3.00000E+00 0.00000E+00 0.00000E+00
 4.00000E+00 0.00000E+00 0.00000E+00
 5.00000E+00 0.00000E+00 0.00000E+00
 6.00000E+00 0.00000E+00 0.00000E+00
 8.00000E+00 0.00000E+00 0.00000E+00
 1.00000E+01 0.00000E+00 0.00000E+00
 1.20000E+01 0.00000E+00 0.00000E+00
 1.40000E+01 0.00000E+00 0.00000E+00
 1.60000E+01 0.00000E+00 0.00000E+00
 1.80000E+01 0.00000E+00 0.00000E+00
 2.00000E+01 0.00000E+00 0.00000E+00
 2.50000E+01 2.38333E-03 3.69152E-02
 3.00000E+01 9.00145E-02 2.96601E-02
 3.50000E+01 1.51249E-01 8.21359E-03
 4.00000E+01 2.52672E-01 1.18466E-02
 4.50000E+01 3.44499E-01 1.75442E-02
 5.00000E+01 2.81387E-01 1.59493E-02
 6.00000E+01 1.89981E-01 1.20938E-02
 7.00000E+01 1.60445E-01 1.11392E-02
 8.00000E+01 1.30153E-01 9.94724E-03
 9.00000E+01 1.05042E-01 8.65396E-03
 1.00000E+02 8.80163E-02 7.56523E-03
