# p + Fe57: Production of Mn54 - Total
# Q-value    = 2.40288E-01 mass=  53.940356
# E-threshold= 0.00000E+00
# # energies =    24
#     E          xs
 1.00000E+00 1.00000E-07
 2.00000E+00 1.00000E-07
 3.00000E+00 1.00000E-07
 4.00000E+00 1.16641E-03
 5.00000E+00 4.06417E-02
 6.00000E+00 5.44971E-01
 8.00000E+00 9.34792E+00
 1.00000E+01 2.78015E+01
 1.20000E+01 4.40488E+01
 1.40000E+01 5.36801E+01
 1.60000E+01 5.58561E+01
 1.80000E+01 4.06221E+01
 2.00000E+01 2.34190E+01
 2.50000E+01 8.83996E+00
 3.00000E+01 5.35015E+00
 3.50000E+01 9.12478E+00
 4.00000E+01 3.71716E+01
 4.50000E+01 9.08246E+01
 5.00000E+01 1.24363E+02
 6.00000E+01 1.14276E+02
 7.00000E+01 9.50470E+01
 8.00000E+01 8.12969E+01
 9.00000E+01 7.43147E+01
 1.00000E+02 6.71499E+01
