# p + Fe56: Production of Co54 - Level  1        0.19710 MeV
# Q-value    =-2.97192E+01 mass=  53.948459
# E-threshold= 3.02544E+01
# # energies =    24
#     E          xs      Branching
 1.00000E+00 0.00000E+00 0.00000E+00
 2.00000E+00 0.00000E+00 0.00000E+00
 3.00000E+00 0.00000E+00 0.00000E+00
 4.00000E+00 0.00000E+00 0.00000E+00
 5.00000E+00 0.00000E+00 0.00000E+00
 6.00000E+00 0.00000E+00 0.00000E+00
 8.00000E+00 0.00000E+00 0.00000E+00
 1.00000E+01 0.00000E+00 0.00000E+00
 1.20000E+01 0.00000E+00 0.00000E+00
 1.40000E+01 0.00000E+00 0.00000E+00
 1.60000E+01 0.00000E+00 0.00000E+00
 1.80000E+01 0.00000E+00 0.00000E+00
 2.00000E+01 0.00000E+00 0.00000E+00
 2.50000E+01 0.00000E+00 0.00000E+00
 3.00000E+01 0.00000E+00 0.00000E+00
 3.50000E+01 3.55639E-01 6.53666E-01
 4.00000E+01 9.44375E-01 4.74665E-01
 4.50000E+01 7.52435E-01 4.52637E-01
 5.00000E+01 4.98454E-01 4.41203E-01
 6.00000E+01 3.06369E-01 4.31716E-01
 7.00000E+01 2.26470E-01 4.31302E-01
 8.00000E+01 1.81693E-01 4.31235E-01
 9.00000E+01 1.42724E-01 4.40684E-01
 1.00000E+02 1.25858E-01 4.37025E-01
