# p + Fe54: Production of Co54 - Ground state
# Q-value    =-9.02690E+00 mass=  53.948459
# E-threshold= 9.19547E+00
# # energies =    24
#     E          xs      Branching
 1.00000E+00 0.00000E+00 0.00000E+00
 2.00000E+00 0.00000E+00 0.00000E+00
 3.00000E+00 0.00000E+00 0.00000E+00
 4.00000E+00 0.00000E+00 0.00000E+00
 5.00000E+00 0.00000E+00 0.00000E+00
 6.00000E+00 0.00000E+00 0.00000E+00
 8.00000E+00 0.00000E+00 0.00000E+00
 1.00000E+01 5.49226E+00 9.28623E-01
 1.20000E+01 4.29096E+01 8.36925E-01
 1.40000E+01 9.79477E+01 7.98681E-01
 1.60000E+01 9.33686E+01 7.67426E-01
 1.80000E+01 4.99716E+01 7.42797E-01
 2.00000E+01 2.91895E+01 7.38396E-01
 2.50000E+01 1.56770E+01 7.54585E-01
 3.00000E+01 1.16641E+01 7.53760E-01
 3.50000E+01 9.30430E+00 7.47620E-01
 4.00000E+01 7.22180E+00 7.46310E-01
 4.50000E+01 5.89992E+00 7.53062E-01
 5.00000E+01 4.75956E+00 7.52133E-01
 6.00000E+01 3.55004E+00 7.19004E-01
 7.00000E+01 2.58818E+00 7.29803E-01
 8.00000E+01 1.98253E+00 7.32016E-01
 9.00000E+01 1.67412E+00 7.32628E-01
 1.00000E+02 1.39675E+00 7.60403E-01
