# p + Fe54: Production of Mn50 - Ground state
# Q-value    =-1.68350E+01 mass=  49.954238
# E-threshold= 1.71494E+01
# # energies =    24
#     E          xs      Branching
 1.00000E+00 0.00000E+00 0.00000E+00
 2.00000E+00 0.00000E+00 0.00000E+00
 3.00000E+00 0.00000E+00 0.00000E+00
 4.00000E+00 0.00000E+00 0.00000E+00
 5.00000E+00 0.00000E+00 0.00000E+00
 6.00000E+00 0.00000E+00 0.00000E+00
 8.00000E+00 0.00000E+00 0.00000E+00
 1.00000E+01 0.00000E+00 0.00000E+00
 1.20000E+01 0.00000E+00 0.00000E+00
 1.40000E+01 0.00000E+00 0.00000E+00
 1.60000E+01 0.00000E+00 0.00000E+00
 1.80000E+01 0.00000E+00 0.00000E+00
 2.00000E+01 0.00000E+00 0.00000E+00
 2.50000E+01 3.81051E-02 2.76934E-01
 3.00000E+01 1.81820E+00 4.77417E-01
 3.50000E+01 2.31244E+00 5.06346E-01
 4.00000E+01 1.16332E+00 5.01421E-01
 4.50000E+01 7.28892E-01 5.04826E-01
 5.00000E+01 5.70186E-01 5.06724E-01
 6.00000E+01 6.88308E-01 4.51730E-01
 7.00000E+01 1.69732E+00 4.61207E-01
 8.00000E+01 2.25369E+00 4.75557E-01
 9.00000E+01 2.62606E+00 5.05765E-01
 1.00000E+02 2.91646E+00 5.26702E-01
