# p + Fe58: Production of Mn52 - Ground state
# Q-value    =-3.07938E+01 mass=  51.945559
# E-threshold= 3.13292E+01
# # energies =    24
#     E          xs      Branching
 1.00000E+00 0.00000E+00 0.00000E+00
 2.00000E+00 0.00000E+00 0.00000E+00
 3.00000E+00 0.00000E+00 0.00000E+00
 4.00000E+00 0.00000E+00 0.00000E+00
 5.00000E+00 0.00000E+00 0.00000E+00
 6.00000E+00 0.00000E+00 0.00000E+00
 8.00000E+00 0.00000E+00 0.00000E+00
 1.00000E+01 0.00000E+00 0.00000E+00
 1.20000E+01 0.00000E+00 0.00000E+00
 1.40000E+01 0.00000E+00 0.00000E+00
 1.60000E+01 0.00000E+00 0.00000E+00
 1.80000E+01 0.00000E+00 0.00000E+00
 2.00000E+01 0.00000E+00 0.00000E+00
 2.50000E+01 0.00000E+00 0.00000E+00
 3.00000E+01 0.00000E+00 0.00000E+00
 3.50000E+01 0.00000E+00 0.00000E+00
 4.00000E+01 1.00212E-01 8.81780E-01
 4.50000E+01 3.22269E+00 7.27783E-01
 5.00000E+01 7.46837E+00 6.77382E-01
 6.00000E+01 5.51024E+00 6.55546E-01
 7.00000E+01 3.46978E+00 6.66915E-01
 8.00000E+01 6.21471E+00 6.62302E-01
 9.00000E+01 1.46434E+01 6.53800E-01
 1.00000E+02 2.18921E+01 6.31187E-01
