# p + Fe58 Total triton   production
# Q-value    =-9.20893E+00
# 
# # energies =    24
#    E         xs         Yield
 1.00000E+00 0.00000E+00 0.00000E+00
 2.00000E+00 0.00000E+00 0.00000E+00
 3.00000E+00 0.00000E+00 0.00000E+00
 4.00000E+00 0.00000E+00 0.00000E+00
 5.00000E+00 0.00000E+00 0.00000E+00
 6.00000E+00 0.00000E+00 0.00000E+00
 8.00000E+00 0.00000E+00 0.00000E+00
 1.00000E+01 1.95081E-16 2.25758E-19
 1.20000E+01 6.84233E-04 7.09824E-07
 1.40000E+01 4.48408E-02 4.35977E-05
 1.60000E+01 1.28685E-01 1.19861E-04
 1.80000E+01 2.61731E-01 2.37841E-04
 2.00000E+01 4.82953E-01 4.33079E-04
 2.50000E+01 1.66403E+00 1.46609E-03
 3.00000E+01 3.31131E+00 2.94048E-03
 3.50000E+01 4.93998E+00 4.48254E-03
 4.00000E+01 6.36535E+00 5.92787E-03
 4.50000E+01 7.56789E+00 7.25519E-03
 5.00000E+01 8.53076E+00 8.42535E-03
 6.00000E+01 1.01748E+01 1.06471E-02
 7.00000E+01 1.16823E+01 1.28894E-02
 8.00000E+01 1.33699E+01 1.54621E-02
 9.00000E+01 1.56545E+01 1.88662E-02
 1.00000E+02 1.84274E+01 2.30222E-02
