# p + Fe56 Total triton   production
# Q-value    =-1.20134E+01
# 
# # energies =    24
#    E         xs         Yield
 1.00000E+00 0.00000E+00 0.00000E+00
 2.00000E+00 0.00000E+00 0.00000E+00
 3.00000E+00 0.00000E+00 0.00000E+00
 4.00000E+00 0.00000E+00 0.00000E+00
 5.00000E+00 0.00000E+00 0.00000E+00
 6.00000E+00 0.00000E+00 0.00000E+00
 8.00000E+00 0.00000E+00 0.00000E+00
 1.00000E+01 0.00000E+00 0.00000E+00
 1.20000E+01 0.00000E+00 0.00000E+00
 1.40000E+01 5.95404E-06 6.04226E-09
 1.60000E+01 1.11060E-02 1.07581E-05
 1.80000E+01 6.04880E-02 5.68766E-05
 2.00000E+01 1.61317E-01 1.49690E-04
 2.50000E+01 5.70486E-01 5.25711E-04
 3.00000E+01 1.46121E+00 1.35706E-03
 3.50000E+01 2.57524E+00 2.44853E-03
 4.00000E+01 3.67448E+00 3.59247E-03
 4.50000E+01 4.73320E+00 4.76671E-03
 5.00000E+01 5.64108E+00 5.85506E-03
 6.00000E+01 7.18581E+00 7.90329E-03
 7.00000E+01 8.70276E+00 1.00874E-02
 8.00000E+01 1.03494E+01 1.25652E-02
 9.00000E+01 1.23835E+01 1.56563E-02
 1.00000E+02 1.48636E+01 1.94671E-02
