# p + Fe54 Total triton   production
# Q-value    =-1.55833E+01
# 
# # energies =    24
#    E         xs         Yield
 1.00000E+00 0.00000E+00 0.00000E+00
 2.00000E+00 0.00000E+00 0.00000E+00
 3.00000E+00 0.00000E+00 0.00000E+00
 4.00000E+00 0.00000E+00 0.00000E+00
 5.00000E+00 0.00000E+00 0.00000E+00
 6.00000E+00 0.00000E+00 0.00000E+00
 8.00000E+00 0.00000E+00 0.00000E+00
 1.00000E+01 0.00000E+00 0.00000E+00
 1.20000E+01 0.00000E+00 0.00000E+00
 1.40000E+01 0.00000E+00 0.00000E+00
 1.60000E+01 0.00000E+00 0.00000E+00
 1.80000E+01 1.62115E-05 1.58971E-08
 2.00000E+01 8.29885E-03 8.00967E-06
 2.50000E+01 6.32091E-02 6.08594E-05
 3.00000E+01 3.32733E-01 3.23343E-04
 3.50000E+01 1.03368E+00 1.02955E-03
 4.00000E+01 1.78934E+00 1.83601E-03
 4.50000E+01 2.57683E+00 2.72667E-03
 5.00000E+01 3.33940E+00 3.64458E-03
 6.00000E+01 4.78981E+00 5.54273E-03
 7.00000E+01 6.25168E+00 7.62096E-03
 8.00000E+01 7.75580E+00 9.89170E-03
 9.00000E+01 9.51624E+00 1.26199E-02
 1.00000E+02 1.16348E+01 1.59571E-02
