# p + Fe57 Total triton   production
# Q-value    =-1.03614E+01
# 
# # energies =    24
#    E         xs         Yield
 1.00000E+00 0.00000E+00 0.00000E+00
 2.00000E+00 0.00000E+00 0.00000E+00
 3.00000E+00 0.00000E+00 0.00000E+00
 4.00000E+00 0.00000E+00 0.00000E+00
 5.00000E+00 0.00000E+00 0.00000E+00
 6.00000E+00 0.00000E+00 0.00000E+00
 8.00000E+00 0.00000E+00 0.00000E+00
 1.00000E+01 0.00000E+00 0.00000E+00
 1.20000E+01 4.46479E-07 4.70536E-10
 1.40000E+01 1.05965E-02 1.04509E-05
 1.60000E+01 7.89471E-02 7.44491E-05
 1.80000E+01 2.20205E-01 2.02321E-04
 2.00000E+01 5.01837E-01 4.55198E-04
 2.50000E+01 1.83119E+00 1.63623E-03
 3.00000E+01 3.46436E+00 3.11891E-03
 3.50000E+01 5.09766E+00 4.69276E-03
 4.00000E+01 6.56012E+00 6.20084E-03
 4.50000E+01 7.74283E+00 7.53567E-03
 5.00000E+01 8.69567E+00 8.72012E-03
 6.00000E+01 1.02843E+01 1.09281E-02
 7.00000E+01 1.17476E+01 1.31607E-02
 8.00000E+01 1.34070E+01 1.57404E-02
 9.00000E+01 1.56562E+01 1.91509E-02
 1.00000E+02 1.84454E+01 2.33847E-02
