<cross-s.>      1.01      1.00400000D-03    232.04    0    3
 1.73026D+04
 6.51392D+03
 1.07887D+04
<cross-s.>      1.01      2.00900000D-03    232.04    0    3
 1.54644D+04
 4.71390D+03
 1.07505D+04
<cross-s.>      1.01      5.02200000D-03    232.04    0    3
 1.38496D+04
 3.19086D+03
 1.06588D+04
<cross-s.>      1.01      1.00400000D-02    232.04    0    3
 1.30314D+04
 2.50023D+03
 1.05312D+04
<cross-s.>      1.01      2.00900000D-02    232.04    0    3
 1.24071D+04
 2.09726D+03
 1.03098D+04
<cross-s.>      1.01      5.02200000D-02    232.04    0    3
 1.16253D+04
 1.87391D+03
 9.75141D+03
<cross-s.>      1.01      1.00430000D-01    232.04    0    3
 1.08651D+04
 1.88993D+03
 8.97514D+03
<cross-s.>      1.01      2.00870000D-01    232.04    0    3
 9.80926D+03
 2.09709D+03
 7.71216D+03
<cross-s.>      1.01      3.01300000D-01    232.04    0    3
 9.00727D+03
 2.31271D+03
 6.69456D+03
<cross-s.>      1.01      4.01740000D-01    232.04    0    3
 8.36484D+03
 2.50662D+03
 5.85822D+03
<cross-s.>      1.01      5.02170000D-01    232.04    0    3
 7.85371D+03
 2.68324D+03
 5.17047D+03
<cross-s.>      1.01      6.02610000D-01    232.04    0    3
 7.45749D+03
 2.84715D+03
 4.61034D+03
<cross-s.>      1.01      7.03040000D-01    232.04    0    3
 7.16037D+03
 2.99737D+03
 4.16300D+03
<cross-s.>      1.01      8.03480000D-01    232.04    0    3
 6.94543D+03
 3.12979D+03
 3.81564D+03
<cross-s.>      1.01      9.03910000D-01    232.04    0    3
 6.79598D+03
 3.24027D+03
 3.55571D+03
<cross-s.>      1.01      1.00435000D+00    232.04    0    3
 6.69725D+03
 3.32734D+03
 3.36991D+03
<cross-s.>      1.01      1.10478000D+00    232.04    0    3
 6.63751D+03
 3.39252D+03
 3.24499D+03
<cross-s.>      1.01      1.20522000D+00    232.04    0    3
 6.60851D+03
 3.43994D+03
 3.16857D+03
<cross-s.>      1.01      1.30565000D+00    232.04    0    3
 6.60555D+03
 3.47512D+03
 3.13043D+03
<cross-s.>      1.01      1.40609000D+00    232.04    0    3
 6.62672D+03
 3.50359D+03
 3.12313D+03
<cross-s.>      1.01      1.50652000D+00    232.04    0    3
 6.67147D+03
 3.52953D+03
 3.14194D+03
<cross-s.>      1.01      1.60696000D+00    232.04    0    3
 6.73901D+03
 3.55509D+03
 3.18392D+03
<cross-s.>      1.01      1.70739000D+00    232.04    0    3
 6.82710D+03
 3.58023D+03
 3.24687D+03
<cross-s.>      1.01      1.80782000D+00    232.04    0    3
 6.93164D+03
 3.60344D+03
 3.32820D+03
<cross-s.>      1.01      1.90826000D+00    232.04    0    3
 7.04720D+03
 3.62255D+03
 3.42465D+03
<cross-s.>      1.01      2.00869000D+00    232.04    0    3
 7.16775D+03
 3.63551D+03
 3.53224D+03
<cross-s.>      1.01      2.20956000D+00    232.04    0    3
 7.40246D+03
 3.63853D+03
 3.76393D+03
<cross-s.>      1.01      2.41043000D+00    232.04    0    3
 7.60482D+03
 3.61168D+03
 3.99315D+03
<cross-s.>      1.01      2.61130000D+00    232.04    0    3
 7.76380D+03
 3.56295D+03
 4.20086D+03
<cross-s.>      1.01      2.81217000D+00    232.04    0    3
 7.88161D+03
 3.50255D+03
 4.37906D+03
<cross-s.>      1.01      3.01304000D+00    232.04    0    3
 7.87091D+03
 3.52922D+03
 4.34170D+03
<cross-s.>      1.01      3.21391000D+00    232.04    0    3
 7.97695D+03
 3.49627D+03
 4.48067D+03
<cross-s.>      1.01      3.41478000D+00    232.04    0    3
 8.06467D+03
 3.46410D+03
 4.60057D+03
<cross-s.>      1.01      3.61565000D+00    232.04    0    3
 8.12683D+03
 3.43121D+03
 4.69562D+03
<cross-s.>      1.01      3.81652000D+00    232.04    0    3
 8.16196D+03
 3.39691D+03
 4.76505D+03
<cross-s.>      1.01      4.01739000D+00    232.04    0    3
 8.17026D+03
 3.36133D+03
 4.80893D+03
<cross-s.>      1.01      4.51956000D+00    232.04    0    3
 8.08184D+03
 3.26645D+03
 4.81538D+03
<cross-s.>      1.01      5.02173000D+00    232.04    0    3
 7.85642D+03
 3.16192D+03
 4.69450D+03
<cross-s.>      1.01      5.52391000D+00    232.04    0    3
 7.54631D+03
 3.06853D+03
 4.47778D+03
<cross-s.>      1.01      6.02608000D+00    232.04    0    3
 7.21346D+03
 3.00844D+03
 4.20502D+03
<cross-s.>      1.01      6.52826000D+00    232.04    0    3
 6.89475D+03
 2.98131D+03
 3.91344D+03
<cross-s.>      1.01      7.03043000D+00    232.04    0    3
 6.60623D+03
 2.97529D+03
 3.63094D+03
<cross-s.>      1.01      7.53260000D+00    232.04    0    3
 6.35321D+03
 2.97818D+03
 3.37502D+03
<cross-s.>      1.01      8.03478000D+00    232.04    0    3
 6.13542D+03
 2.98106D+03
 3.15436D+03
<cross-s.>      1.01      8.53695000D+00    232.04    0    3
 5.95042D+03
 2.97918D+03
 2.97124D+03
<cross-s.>      1.01      9.03912000D+00    232.04    0    3
 5.79616D+03
 2.97184D+03
 2.82432D+03
<cross-s.>      1.01      9.54130000D+00    232.04    0    3
 5.67198D+03
 2.96117D+03
 2.71081D+03
<cross-s.>      1.01      1.00434700D+01    232.04    0    3
 5.57803D+03
 2.95016D+03
 2.62788D+03
<cross-s.>      1.01      1.05456400D+01    232.04    0    3
 5.51400D+03
 2.94112D+03
 2.57287D+03
<cross-s.>      1.01      1.10478200D+01    232.04    0    3
 5.47821D+03
 2.93515D+03
 2.54306D+03
<cross-s.>      1.01      1.15499900D+01    232.04    0    3
 5.46767D+03
 2.93230D+03
 2.53538D+03
<cross-s.>      1.01      1.20521600D+01    232.04    0    3
 5.47829D+03
 2.93176D+03
 2.54653D+03
<cross-s.>      1.01      1.25543400D+01    232.04    0    3
 5.50516D+03
 2.93201D+03
 2.57315D+03
<cross-s.>      1.01      1.30565100D+01    232.04    0    3
 5.54305D+03
 2.93120D+03
 2.61184D+03
<cross-s.>      1.01      1.35586800D+01    232.04    0    3
 5.58721D+03
 2.92784D+03
 2.65937D+03
<cross-s.>      1.01      1.40608600D+01    232.04    0    3
 5.63411D+03
 2.92131D+03
 2.71281D+03
<cross-s.>      1.01      1.45630300D+01    232.04    0    3
 5.68164D+03
 2.91193D+03
 2.76971D+03
<cross-s.>      1.01      1.50652000D+01    232.04    0    3
 5.72885D+03
 2.90070D+03
 2.82816D+03
<cross-s.>      1.01      1.55673800D+01    232.04    0    3
 5.77555D+03
 2.88882D+03
 2.88673D+03
<cross-s.>      1.01      1.60695500D+01    232.04    0    3
 5.82169D+03
 2.87734D+03
 2.94435D+03
<cross-s.>      1.01      1.65717300D+01    232.04    0    3
 5.86714D+03
 2.86698D+03
 3.00016D+03
<cross-s.>      1.01      1.70739000D+01    232.04    0    3
 5.91154D+03
 2.85811D+03
 3.05343D+03
<cross-s.>      1.01      1.75760700D+01    232.04    0    3
 5.95439D+03
 2.85086D+03
 3.10353D+03
<cross-s.>      1.01      1.80782500D+01    232.04    0    3
 5.99513D+03
 2.84521D+03
 3.14991D+03
<cross-s.>      1.01      1.85804200D+01    232.04    0    3
 6.03321D+03
 2.84110D+03
 3.19211D+03
<cross-s.>      1.01      1.90825900D+01    232.04    0    3
 6.06816D+03
 2.83842D+03
 3.22974D+03
<cross-s.>      1.01      1.95847700D+01    232.04    0    3
 6.09948D+03
 2.83703D+03
 3.26246D+03
<cross-s.>      1.01      2.00869400D+01    232.04    0    3
 6.12670D+03
 2.83671D+03
 3.28998D+03
<cross-s.>      1.01      4.01740000D-01    232.04   89    1
 5.40189D-45
<cross-s.>      1.01      5.02170000D-01    232.04   89    1
 1.04919D-38
<cross-s.>      1.01      6.02600000D-01    232.04   89    1
 4.49905D-34
<cross-s.>      1.01      7.03040000D-01    232.04   89    1
 1.76439D-30
<cross-s.>      1.01      8.03470000D-01    232.04   89    1
 3.90439D-27
<cross-s.>      1.01      9.03910000D-01    232.04   89    1
 9.62691D-25
<cross-s.>      1.01      1.00434000D+00    232.04   89    1
 1.00607D-22
<cross-s.>      1.01      1.10478000D+00    232.04   89    1
 5.45707D-21
<cross-s.>      1.01      1.20521000D+00    232.04   89    1
 1.76608D-19
<cross-s.>      1.01      1.30564000D+00    232.04   89    1
 3.77627D-18
<cross-s.>      1.01      1.40608000D+00    232.04   89    1
 5.75527D-17
<cross-s.>      1.01      1.50651000D+00    232.04   89    1
 6.61944D-16
<cross-s.>      1.01      1.60695000D+00    232.04   89    1
 6.01150D-15
<cross-s.>      1.01      1.70738000D+00    232.04   89    1
 4.46408D-14
<cross-s.>      1.01      1.80781000D+00    232.04   89    1
 2.78928D-13
<cross-s.>      1.01      1.90825000D+00    232.04   89    1
 1.50090D-12
<cross-s.>      1.01      2.00868000D+00    232.04   89    1
 7.08602D-12
<cross-s.>      1.01      2.20955000D+00    232.04   89    1
 1.13398D-10
<cross-s.>      1.01      2.41042000D+00    232.04   89    1
 1.26127D-09
<cross-s.>      1.01      2.61129000D+00    232.04   89    1
 1.04696D-08
<cross-s.>      1.01      2.81215000D+00    232.04   89    1
 6.83800D-08
<cross-s.>      1.01      3.01302000D+00    232.04   89    1
 3.65922D-07
<cross-s.>      1.01      3.21389000D+00    232.04   89    1
 1.65521D-06
<cross-s.>      1.01      3.41476000D+00    232.04   89    1
 6.48738D-06
<cross-s.>      1.01      3.61563000D+00    232.04   89    1
 2.24725D-05
<cross-s.>      1.01      3.81650000D+00    232.04   89    1
 6.99213D-05
<cross-s.>      1.01      4.01736000D+00    232.04   89    1
 1.98011D-04
<cross-s.>      1.01      4.51953000D+00    232.04   89    1
 1.89621D-03
<cross-s.>      1.01      5.02170000D+00    232.04   89    1
 1.22669D-02
<cross-s.>      1.01      5.52388000D+00    232.04   89    1
 5.86268D-02
<cross-s.>      1.01      6.02605000D+00    232.04   89    1
 2.20648D-01
<cross-s.>      1.01      6.52822000D+00    232.04   89    1
 6.85795D-01
<cross-s.>      1.01      7.03039000D+00    232.04   89    1
 1.82546D+00
<cross-s.>      1.01      7.53256000D+00    232.04   89    1
 4.28078D+00
<cross-s.>      1.01      8.03473000D+00    232.04   89    1
 9.04094D+00
<cross-s.>      1.01      8.53690000D+00    232.04   89    1
 1.74931D+01
<cross-s.>      1.01      9.03907000D+00    232.04   89    1
 3.14129D+01
<cross-s.>      1.01      9.54124000D+00    232.04   89    1
 5.28474D+01
<cross-s.>      1.01      1.00434100D+01    232.04   89    1
 8.38281D+01
<cross-s.>      1.01      1.05455800D+01    232.04   89    1
 1.25880D+02
<cross-s.>      1.01      1.10477500D+01    232.04   89    1
 1.79425D+02
<cross-s.>      1.01      1.15499200D+01    232.04   89    1
 2.43362D+02
<cross-s.>      1.01      1.20520900D+01    232.04   89    1
 3.15129D+02
<cross-s.>      1.01      1.25542600D+01    232.04   89    1
 3.91321D+02
<cross-s.>      1.01      1.30564300D+01    232.04   89    1
 4.68585D+02
<cross-s.>      1.01      1.35586000D+01    232.04   89    1
 5.44383D+02
<cross-s.>      1.01      1.40607700D+01    232.04   89    1
 6.17325D+02
<cross-s.>      1.01      1.45629400D+01    232.04   89    1
 6.87022D+02
<cross-s.>      1.01      1.50651100D+01    232.04   89    1
 7.53689D+02
<cross-s.>      1.01      1.55672800D+01    232.04   89    1
 8.17753D+02
<cross-s.>      1.01      1.60694500D+01    232.04   89    1
 8.79606D+02
<cross-s.>      1.01      1.65716200D+01    232.04   89    1
 9.39505D+02
<cross-s.>      1.01      1.70738000D+01    232.04   89    1
 9.97557D+02
<cross-s.>      2.01      4.03490000D-01    231.04   89    1
 8.32304D-64
<cross-s.>      2.01      5.04360000D-01    231.04   89    1
 6.29987D-55
<cross-s.>      2.01      6.05230000D-01    231.04   89    1
 1.95803D-48
<cross-s.>      2.01      7.06100000D-01    231.04   89    1
 2.27642D-43
<cross-s.>      2.01      8.06970000D-01    231.04   89    1
 2.68402D-39
<cross-s.>      2.01      9.07840000D-01    231.04   89    1
 6.18979D-36
<cross-s.>      2.01      1.00872000D+00    231.04   89    1
 4.25253D-33
<cross-s.>      2.01      1.10959000D+00    231.04   89    1
 5.26561D-30
<cross-s.>      2.01      1.21046000D+00    231.04   89    1
 6.90089D-28
<cross-s.>      2.01      1.31133000D+00    231.04   89    1
 5.01628D-26
<cross-s.>      2.01      1.41220000D+00    231.04   89    1
 2.25811D-24
<cross-s.>      2.01      1.51307000D+00    231.04   89    1
 6.83073D-23
<cross-s.>      2.01      1.61394000D+00    231.04   89    1
 1.47951D-21
<cross-s.>      2.01      1.71482000D+00    231.04   89    1
 2.41328D-20
<cross-s.>      2.01      1.81569000D+00    231.04   89    1
 3.08451D-19
<cross-s.>      2.01      1.91656000D+00    231.04   89    1
 3.19298D-18
<cross-s.>      2.01      2.01743000D+00    231.04   89    1
 2.74998D-17
<cross-s.>      2.01      2.21917000D+00    231.04   89    1
 1.28011D-15
<cross-s.>      2.01      2.42092000D+00    231.04   89    1
 3.57856D-14
<cross-s.>      2.01      2.62266000D+00    231.04   89    1
 6.64587D-13
<cross-s.>      2.01      2.82440000D+00    231.04   89    1
 8.84270D-12
<cross-s.>      2.01      3.02615000D+00    231.04   89    1
 8.92860D-11
<cross-s.>      2.01      3.22789000D+00    231.04   89    1
 7.15154D-10
<cross-s.>      2.01      3.42963000D+00    231.04   89    1
 4.70721D-09
<cross-s.>      2.01      3.63138000D+00    231.04   89    1
 2.61904D-08
<cross-s.>      2.01      3.83312000D+00    231.04   89    1
 1.26003D-07
<cross-s.>      2.01      4.03486000D+00    231.04   89    1
 5.34127D-07
<cross-s.>      2.01      4.53922000D+00    231.04   89    1
 1.24958D-05
<cross-s.>      2.01      5.04358000D+00    231.04   89    1
 1.73772D-04
<cross-s.>      2.01      5.54793000D+00    231.04   89    1
 1.61987D-03
<cross-s.>      2.01      6.05229000D+00    231.04   89    1
 1.09866D-02
<cross-s.>      2.01      6.55665000D+00    231.04   89    1
 5.74516D-02
<cross-s.>      2.01      7.06101000D+00    231.04   89    1
 2.41692D-01
<cross-s.>      2.01      7.56536000D+00    231.04   89    1
 8.44958D-01
<cross-s.>      2.01      8.06972000D+00    231.04   89    1
 2.51922D+00
<cross-s.>      2.01      8.57408000D+00    231.04   89    1
 6.54264D+00
<cross-s.>      2.01      9.07844000D+00    231.04   89    1
 1.50643D+01
<cross-s.>      2.01      9.58279000D+00    231.04   89    1
 3.11996D+01
<cross-s.>      2.01      1.00871500D+01    231.04   89    1
 5.87889D+01
<cross-s.>      2.01      1.05915100D+01    231.04   89    1
 1.01582D+02
<cross-s.>      2.01      1.10958700D+01    231.04   89    1
 1.61753D+02
<cross-s.>      2.01      1.16002300D+01    231.04   89    1
 2.38315D+02
<cross-s.>      2.01      1.21045800D+01    231.04   89    1
 3.26960D+02
<cross-s.>      2.01      1.26089400D+01    231.04   89    1
 4.21840D+02
<cross-s.>      2.01      1.31133000D+01    231.04   89    1
 5.17872D+02
<cross-s.>      2.01      1.36176600D+01    231.04   89    1
 6.11761D+02
<cross-s.>      2.01      1.41220100D+01    231.04   89    1
 7.01841D+02
<cross-s.>      2.01      1.46263700D+01    231.04   89    1
 7.87627D+02
<cross-s.>      3.02      4.05240000D-01    230.04   89    1
 1.76038D-47
<cross-s.>      3.02      5.06560000D-01    230.04   89    1
 1.97935D-66
<cross-s.>      3.02      6.07870000D-01    230.04   89    1
 1.83629D-58
<cross-s.>      3.02      7.09180000D-01    230.04   89    1
 2.71377D-52
<cross-s.>      3.02      8.10490000D-01    230.04   89    1
 2.21019D-47
<cross-s.>      3.02      9.11800000D-01    230.04   89    1
 2.70537D-43
<cross-s.>      3.02      1.01311000D+00    230.04   89    1
 7.52690D-40
<cross-s.>      3.02      1.11442000D+00    230.04   89    1
 6.72867D-37
<cross-s.>      3.02      1.21573000D+00    230.04   89    1
 2.46371D-34
<cross-s.>      3.02      1.31704000D+00    230.04   89    1
 2.51491D-31
<cross-s.>      3.02      1.41836000D+00    230.04   89    1
 2.52222D-29
<cross-s.>      3.02      1.51967000D+00    230.04   89    1
 1.54735D-27
<cross-s.>      3.02      1.62098000D+00    230.04   89    1
 6.31135D-26
<cross-s.>      3.02      1.72229000D+00    230.04   89    1
 1.82017D-24
<cross-s.>      3.02      1.82360000D+00    230.04   89    1
 3.89878D-23
<cross-s.>      3.02      1.92491000D+00    230.04   89    1
 6.45640D-22
<cross-s.>      3.02      2.02622000D+00    230.04   89    1
 8.54308D-21
<cross-s.>      3.02      2.22884000D+00    230.04   89    1
 8.47611D-19
<cross-s.>      3.02      2.43147000D+00    230.04   89    1
 4.51969D-17
<cross-s.>      3.02      2.63409000D+00    230.04   89    1
 1.46567D-15
<cross-s.>      3.02      2.83671000D+00    230.04   89    1
 3.17070D-14
<cross-s.>      3.02      3.03933000D+00    230.04   89    1
 4.90890D-13
<cross-s.>      3.02      3.24196000D+00    230.04   89    1
 5.74467D-12
<cross-s.>      3.02      3.44458000D+00    230.04   89    1
 5.30378D-11
<cross-s.>      3.02      3.64720000D+00    230.04   89    1
 4.00092D-10
<cross-s.>      3.02      3.84982000D+00    230.04   89    1
 2.53378D-09
<cross-s.>      3.02      4.05245000D+00    230.04   89    1
 1.37906D-08
<cross-s.>      3.02      4.55900000D+00    230.04   89    1
 5.51977D-07
<cross-s.>      3.02      5.06556000D+00    230.04   89    1
 1.19633D-05
<cross-s.>      3.02      5.57211000D+00    230.04   89    1
 1.62954D-04
<cross-s.>      3.02      6.07867000D+00    230.04   89    1
 1.54640D-03
<cross-s.>      3.02      6.58522000D+00    230.04   89    1
 1.09947D-02
<cross-s.>      3.02      7.09178000D+00    230.04   89    1
 6.16964D-02
<cross-s.>      3.02      7.59833000D+00    230.04   89    1
 2.83538D-01
<cross-s.>      3.02      8.10489000D+00    230.04   89    1
 1.09520D+00
<cross-s.>      3.02      8.61145000D+00    230.04   89    1
 3.61479D+00
<cross-s.>      3.02      9.11800000D+00    230.04   89    1
 1.03140D+01
<cross-s.>      3.02      9.62456000D+00    230.04   89    1
 2.55433D+01
<cross-s.>      3.02      1.01311100D+01    230.04   89    1
 5.51085D+01
<cross-s.>      3.02      1.06376700D+01    230.04   89    1
 1.04337D+02
<cross-s.>      3.02      1.11442200D+01    230.04   89    1
 1.75494D+02
<cross-s.>      3.02      1.16507800D+01    230.04   89    1
 2.66238D+02
<cross-s.>      3.02      1.21573400D+01    230.04   89    1
 3.70432D+02
<cross-s.>      3.02      1.26638900D+01    230.04   89    1
 4.80881D+02
<cross-s.>      3.02      1.31704500D+01    230.04   89    1
 5.91581D+02
<cross-s.>      3.02      1.36770000D+01    230.04   89    1
 6.98656D+02
<cross-s.>      3.02      1.41835600D+01    230.04   89    1
 8.00012D+02
<cross-s.>      3.02      1.46901100D+01    230.04   89    1
 8.94550D+02
<cross-s.>      3.02      1.51966700D+01    230.04   89    1
 9.82269D+02
<cross-s.>      3.02      8.10490000D-01    230.04  176    1
 1.90271D-44
<cross-s.>      3.02      9.11800000D-01    230.04  176    1
 2.75865D-66
<cross-s.>      3.02      1.01311000D+00    230.04  176    1
 2.32903D-59
<cross-s.>      3.02      1.11442000D+00    230.04  176    1
 2.05659D-53
<cross-s.>      3.02      1.21573000D+00    230.04  176    1
 3.07489D-48
<cross-s.>      3.02      1.31704000D+00    230.04  176    1
 1.10335D-43
<cross-s.>      3.02      1.41836000D+00    230.04  176    1
 2.09647D-69
<cross-s.>      3.02      1.51967000D+00    230.04  176    1
 8.88612D-66
<cross-s.>      3.02      1.62098000D+00    230.04  176    1
 1.66735D-62
<cross-s.>      3.02      1.72229000D+00    230.04  176    1
 1.56433D-59
<cross-s.>      3.02      1.82360000D+00    230.04  176    1
 8.08796D-57
<cross-s.>      3.02      1.92491000D+00    230.04  176    1
 2.49799D-54
<cross-s.>      3.02      2.02622000D+00    230.04  176    1
 4.91722D-52
<cross-s.>      3.02      2.22884000D+00    230.04  176    1
 6.07748D-48
<cross-s.>      3.02      2.43147000D+00    230.04  176    1
 2.14555D-44
<cross-s.>      3.02      2.63409000D+00    230.04  176    1
 2.76554D-41
<cross-s.>      3.02      2.83671000D+00    230.04  176    1
 1.41518D-38
<cross-s.>      3.02      3.03933000D+00    230.04  176    1
 4.03913D-36
<cross-s.>      3.02      3.24196000D+00    230.04  176    1
 5.05393D-33
<cross-s.>      3.02      3.44458000D+00    230.04  176    1
 5.90145D-31
<cross-s.>      3.02      3.64720000D+00    230.04  176    1
 3.85561D-29
<cross-s.>      3.02      3.84982000D+00    230.04  176    1
 1.74958D-27
<cross-s.>      3.02      4.05244000D+00    230.04  176    1
 5.77768D-26
<cross-s.>      3.02      4.55900000D+00    230.04  176    1
 1.14239D-22
<cross-s.>      3.02      5.06556000D+00    230.04  176    1
 6.10297D-20
<cross-s.>      3.02      5.57211000D+00    230.04  176    1
 1.19653D-17
<cross-s.>      3.02      6.07867000D+00    230.04  176    1
 1.06867D-15
<cross-s.>      3.02      6.58522000D+00    230.04  176    1
 5.08862D-14
<cross-s.>      3.02      7.09178000D+00    230.04  176    1
 1.45420D-12
<cross-s.>      3.02      7.59833000D+00    230.04  176    1
 2.73172D-11
<cross-s.>      3.02      8.10489000D+00    230.04  176    1
 3.62436D-10
<cross-s.>      3.02      8.61144000D+00    230.04  176    1
 3.59664D-09
<cross-s.>      3.02      9.11800000D+00    230.04  176    1
 2.79680D-08
<cross-s.>      3.02      9.62455000D+00    230.04  176    1
 1.76988D-07
<cross-s.>      3.02      1.01311100D+01    230.04  176    1
 9.40213D-07
<cross-s.>      3.02      1.06376700D+01    230.04  176    1
 4.30011D-06
<cross-s.>      3.02      1.11442200D+01    230.04  176    1
 1.72854D-05
<cross-s.>      3.02      1.16507800D+01    230.04  176    1
 6.21202D-05
<cross-s.>      3.02      1.21573300D+01    230.04  176    1
 2.02406D-04
<cross-s.>      3.02      1.26638900D+01    230.04  176    1
 6.05050D-04
<cross-s.>      3.02      1.31704400D+01    230.04  176    1
 1.67596D-03
<cross-s.>      3.02      1.36770000D+01    230.04  176    1
 4.33914D-03
<cross-s.>      3.02      1.41835600D+01    230.04  176    1
 1.05794D-02
<cross-s.>      4.00      8.13980000D-01    229.03  176    1
 5.07133D-59
<cross-s.>      4.00      9.15730000D-01    229.03  176    1
 1.37259D-49
<cross-s.>      4.00      1.01748000D+00    229.03  176    1
 1.25698D-41
<cross-s.>      4.00      1.11922000D+00    229.03  176    1
 7.74799D-65
<cross-s.>      4.00      1.22097000D+00    229.03  176    1
 6.86784D-59
<cross-s.>      4.00      1.32272000D+00    229.03  176    1
 1.17814D-53
<cross-s.>      4.00      1.42447000D+00    229.03  176    1
 5.28139D-49
<cross-s.>      4.00      1.52621000D+00    229.03  176    1
 7.76328D-45
<cross-s.>      4.00      1.62796000D+00    229.03  176    1
 1.08757D-40
<cross-s.>      4.00      1.72971000D+00    229.03  176    1
 3.87509D-67
<cross-s.>      4.00      1.83146000D+00    229.03  176    1
 5.07157D-64
<cross-s.>      4.00      1.93320000D+00    229.03  176    1
 3.66363D-61
<cross-s.>      4.00      2.03495000D+00    229.03  176    1
 1.57911D-58
<cross-s.>      4.00      2.23845000D+00    229.03  176    1
 7.86758D-54
<cross-s.>      4.00      2.44194000D+00    229.03  176    1
 9.26895D-50
<cross-s.>      4.00      2.64544000D+00    229.03  176    1
 3.42493D-46
<cross-s.>      4.00      2.84893000D+00    229.03  176    1
 4.90348D-43
<cross-s.>      4.00      3.05243000D+00    229.03  176    1
 2.89492D-40
<cross-s.>      4.00      3.25592000D+00    229.03  176    1
 9.73146D-38
<cross-s.>      4.00      3.45942000D+00    229.03  176    1
 1.86364D-35
<cross-s.>      4.00      3.66291000D+00    229.03  176    1
 1.22394D-32
<cross-s.>      4.00      3.86641000D+00    229.03  176    1
 9.60561D-31
<cross-s.>      4.00      4.06990000D+00    229.03  176    1
 5.22201D-29
<cross-s.>      4.00      4.57864000D+00    229.03  176    1
 3.01051D-25
<cross-s.>      4.00      5.08738000D+00    229.03  176    1
 3.83152D-22
<cross-s.>      4.00      5.59612000D+00    229.03  176    1
 1.53128D-19
<cross-s.>      4.00      6.10486000D+00    229.03  176    1
 2.46236D-17
<cross-s.>      4.00      6.61359000D+00    229.03  176    1
 1.90838D-15
<cross-s.>      4.00      7.12233000D+00    229.03  176    1
 8.17266D-14
<cross-s.>      4.00      7.63107000D+00    229.03  176    1
 2.14765D-12
<cross-s.>      4.00      8.13981000D+00    229.03  176    1
 3.76424D-11
<cross-s.>      4.00      8.64855000D+00    229.03  176    1
 4.70768D-10
<cross-s.>      4.00      9.15728000D+00    229.03  176    1
 4.43994D-09
<cross-s.>      4.00      9.66602000D+00    229.03  176    1
 3.30593D-08
<cross-s.>      4.00      1.01747600D+01    229.03  176    1
 2.01788D-07
<cross-s.>      4.00      1.06835000D+01    229.03  176    1
 1.04119D-06
<cross-s.>      4.00      1.11922300D+01    229.03  176    1
 4.65531D-06
<cross-s.>      4.00      1.17009700D+01    229.03  176    1
 1.83998D-05
<cross-s.>      4.00      1.22097100D+01    229.03  176    1
 6.53250D-05
<cross-s.>      4.00      1.27184500D+01    229.03  176    1
 2.11087D-04
<cross-s.>      4.00      1.32271900D+01    229.03  176    1
 6.27741D-04
<cross-s.>      4.00      1.37359300D+01    229.03  176    1
 1.73461D-03
<cross-s.>      4.00      1.42446600D+01    229.03  176    1
 4.49163D-03
<cross-s.>      4.00      1.47534000D+01    229.03  176    1
 1.09830D-02
<cross-s.>      4.00      1.52621400D+01    229.03  176    1
 2.55343D-02
<cross-s.>      4.00      1.57708800D+01    229.03  176    1
 5.67958D-02
<cross-s.>      4.00      1.62796200D+01    229.03  176    1
 1.21529D-01
<cross-s.>      4.00      1.67883500D+01    229.03  176    1
 2.51344D-01
<cross-s.>      4.00      1.72970900D+01    229.03  176    1
 5.04403D-01
<cross-s.>      4.00      1.78058300D+01    229.03  176    1
 9.85105D-01
<cross-s.>      4.00      1.83145700D+01    229.03  176    1
 1.87649D+00
<cross-s.>      4.00      1.88233100D+01    229.03  176    1
 3.49003D+00
<cross-s.>      4.00      1.93320400D+01    229.03  176    1
 6.33776D+00
<cross-s.>      4.00      1.98407800D+01    229.03  176    1
 1.12228D+01
<cross-s.>      4.00      2.03495200D+01    229.03  176    1
 1.93236D+01
<cross-s.>      4.00      2.13669900D+01    229.03  176    1
 5.16035D+01
<cross-s.>      4.00      2.23844700D+01    229.03  176    1
 1.15337D+02
<cross-s.>      4.00      2.34019500D+01    229.03  176    1
 2.11340D+02
<cross-s.>      4.00      2.44194200D+01    229.03  176    1
 3.26600D+02
<cross-s.>      4.00      2.54369000D+01    229.03  176    1
 4.47041D+02
<cross-s.>      4.00      2.64543700D+01    229.03  176    1
 5.64476D+02
<cross-s.>      4.00      2.74718500D+01    229.03  176    1
 6.75520D+02
<cross-s.>      4.00      2.84893300D+01    229.03  176    1
 7.79257D+02
<cross-s.>      4.00      2.95068000D+01    229.03  176    1
 8.75805D+02
