<ine.c.s.>      1.01      1.00000000D-06    232.04    0    4            
0.d0          1                                                         
0.d0          2                                                         
0.d0          3                                                         
0.d0          4                                                         
<ine.c.s.>      1.01      1.00000000D-05    232.04    0    4            
0.d0          1                                                         
0.d0          2                                                         
0.d0          3                                                         
0.d0          4                                                         
<ine.c.s.>      1.01      1.00000000D-04    232.04    0    4            
0.d0          1                                                         
0.d0          2                                                         
0.d0          3                                                         
0.d0          4                                                         
<ine.c.s.>      1.01      1.00000000D-03    232.04    0    4            
0.d0          1                                                         
0.d0          2                                                         
0.d0          3                                                         
0.d0          4                                                         
<ine.c.s.>      1.01      2.00000000D-03    232.04    0    4            
0.d0          1                                                         
0.d0          2                                                         
0.d0          3                                                         
0.d0          4                                                         
<ine.c.s.>      1.01      5.00000000D-03    232.04    0    4            
0.d0          1                                                         
0.d0          2                                                         
0.d0          3                                                         
0.d0          4                                                         
<ine.c.s.>      1.01      1.00000000D-02    232.04    0    4            
0.d0          1                                                         
0.d0          2                                                         
0.d0          3                                                         
0.d0          4                                                         
<ine.c.s.>      1.01      2.00000000D-02    232.04    0    4            
0.d0          1                                                         
0.d0          2                                                         
0.d0          3                                                         
0.d0          4                                                         
<ine.c.s.>      1.01      5.00000000D-02    232.04    0    4            
 1.20446D-01  1                                                         
0.d0          2                                                         
0.d0          3                                                         
0.d0          4                                                         
<ine.c.s.>      1.01      1.00000000D-01    232.04    0    4            
 6.07379D+01  1                                                         
0.d0          2                                                         
0.d0          3                                                         
0.d0          4                                                         
<ine.c.s.>      1.01      2.00000000D-01    232.04    0    4            
 2.46741D+02  1                                                         
 1.26965D-01  2                                                         
0.d0          3                                                         
0.d0          4                                                         
<ine.c.s.>      1.01      4.00000000D-01    232.04    0    4            
 5.05669D+02  1                                                         
 9.11679D+00  2                                                         
 5.63325D-04  3                                                         
0.d0          4                                                         
<ine.c.s.>      1.01      6.00000000D-01    232.04    0    4            
 6.11177D+02  1                                                         
 4.36967D+01  2                                                         
 8.27936D-02  3                                                         
 3.30378D-07  4                                                         
<ine.c.s.>      1.01      8.00000000D-01    232.04    0    4            
 6.41202D+02  1                                                         
 1.01298D+02  2                                                         
 8.85393D-01  3                                                         
 3.67190D-04  4                                                         
<ine.c.s.>      1.01      1.00000000D+00    232.04    0    4            
 6.42702D+02  1                                                         
 1.60134D+02  2                                                         
 3.87224D+00  3                                                         
 6.81860D-03  4                                                         
<ine.c.s.>      1.01      1.20000000D+00    232.04    0    4            
 6.44110D+02  1                                                         
 2.01590D+02  2                                                         
 1.03615D+01  3                                                         
 4.33090D-02  4                                                         
<ine.c.s.>      1.01      1.40000000D+00    232.04    0    4            
 6.53217D+02  1                                                         
 2.23010D+02  2                                                         
 2.03200D+01  3                                                         
 1.58351D-01  4                                                         
<ine.c.s.>      1.01      1.60000000D+00    232.04    0    4            
 6.62562D+02  1                                                         
 2.32027D+02  2                                                         
 3.23254D+01  3                                                         
 4.16871D-01  4                                                         
<ine.c.s.>      1.01      1.80000000D+00    232.04    0    4            
 6.65309D+02  1                                                         
 2.35108D+02  2                                                         
 4.44666D+01  3                                                         
 8.91318D-01  4                                                         
<ine.c.s.>      1.01      2.00000000D+00    232.04    0    4            
 6.60262D+02  1                                                         
 2.33703D+02  2                                                         
 5.51521D+01  3                                                         
 1.65793D+00  4                                                         
<ine.c.s.>      1.01      2.20000000D+00    232.04    0    4            
 6.48459D+02  1                                                         
 2.27192D+02  2                                                         
 6.34680D+01  3                                                         
 2.78667D+00  4                                                         
<ine.c.s.>      1.01      2.40000000D+00    232.04    0    4            
 6.31361D+02  1                                                         
 2.15730D+02  2                                                         
 6.91985D+01  3                                                         
 4.31154D+00  4                                                         
<ine.c.s.>      1.01      2.60000000D+00    232.04    0    4            
 6.10538D+02  1                                                         
 2.00825D+02  2                                                         
 7.25276D+01  3                                                         
 6.19198D+00  4                                                         
<ine.c.s.>      1.01      2.80000000D+00    232.04    0    4            
 5.87469D+02  1                                                         
 1.84606D+02  2                                                         
 7.37437D+01  3                                                         
 8.29498D+00  4                                                         
<ine.c.s.>      1.01      3.00000000D+00    232.04    0    4            
 5.63465D+02  1                                                         
 1.68916D+02  2                                                         
 7.31928D+01  3                                                         
 1.04095D+01  4                                                         
<ine.c.s.>      1.01      3.50000000D+00    232.04    0    4            
 5.58219D+02  1                                                         
 1.56192D+02  2                                                         
 7.39138D+01  3                                                         
 1.55224D+01  4                                                         
<ine.c.s.>      1.01      4.00000000D+00    232.04    0    4            
 5.31988D+02  1                                                         
 1.46953D+02  2                                                         
 6.69846D+01  3                                                         
 1.75844D+01  4                                                         
<ine.c.s.>      1.01      4.50000000D+00    232.04    0    4            
 4.97376D+02  1                                                         
 1.37050D+02  2                                                         
 5.84778D+01  3                                                         
 1.70194D+01  4                                                         
<ine.c.s.>      1.01      5.00000000D+00    232.04    0    4            
 4.60029D+02  1                                                         
 1.26433D+02  2                                                         
 5.09876D+01  3                                                         
 1.55252D+01  4                                                         
<ine.c.s.>      1.01      5.50000000D+00    232.04    0    4            
 4.28120D+02  1                                                         
 1.16816D+02  2                                                         
 4.52624D+01  3                                                         
 1.42610D+01  4                                                         
<ine.c.s.>      1.01      6.00000000D+00    232.04    0    4            
 4.06736D+02  1                                                         
 1.09317D+02  2                                                         
 4.12014D+01  3                                                         
 1.34641D+01  4                                                         
<ine.c.s.>      1.01      6.50000000D+00    232.04    0    4            
 3.94905D+02  1                                                         
 1.03690D+02  2                                                         
 3.83082D+01  3                                                         
 1.28515D+01  4                                                         
<ine.c.s.>      1.01      7.00000000D+00    232.04    0    4            
 3.88361D+02  1                                                         
 9.90675D+01  2                                                         
 3.59927D+01  3                                                         
 1.20877D+01  4                                                         
<ine.c.s.>      1.01      7.50000000D+00    232.04    0    4            
 3.82898D+02  1                                                         
 9.47296D+01  2                                                         
 3.38357D+01  3                                                         
 1.10350D+01  4                                                         
<ine.c.s.>      1.01      8.00000000D+00    232.04    0    4            
 3.76015D+02  1                                                         
 9.03692D+01  2                                                         
 3.16452D+01  3                                                         
 9.76030D+00  4                                                         
<ine.c.s.>      1.01      8.50000000D+00    232.04    0    4            
 3.66967D+02  1                                                         
 8.61160D+01  2                                                         
 2.93931D+01  3                                                         
 8.43561D+00  4                                                         
<ine.c.s.>      1.01      9.00000000D+00    232.04    0    4            
 3.56161D+02  1                                                         
 8.22663D+01  2                                                         
 2.71635D+01  3                                                         
 7.21959D+00  4                                                         
<ine.c.s.>      1.01      9.50000000D+00    232.04    0    4            
 3.44495D+02  1                                                         
 7.89812D+01  2                                                         
 2.50803D+01  3                                                         
 6.19547D+00  4                                                         
<ine.c.s.>      1.01      1.00000000D+01    232.04    0    4            
 3.32795D+02  1                                                         
 7.62154D+01  2                                                         
 2.32276D+01  3                                                         
 5.37736D+00  4                                                         
<ine.c.s.>      1.01      1.05000000D+01    232.04    0    4            
 3.21549D+02  1                                                         
 7.37988D+01  2                                                         
 2.16236D+01  3                                                         
 4.73943D+00  4                                                         
<ine.c.s.>      1.01      1.10000000D+01    232.04    0    4            
 3.10940D+02  1                                                         
 7.15407D+01  2                                                         
 2.02374D+01  3                                                         
 4.24098D+00  4                                                         
<ine.c.s.>      1.01      1.15000000D+01    232.04    0    4            
 3.00946D+02  1                                                         
 6.92979D+01  2                                                         
 1.90187D+01  3                                                         
 3.84207D+00  4                                                         
<ine.c.s.>      1.01      1.20000000D+01    232.04    0    4            
 2.91439D+02  1                                                         
 6.69914D+01  2                                                         
 1.79189D+01  3                                                         
 3.51027D+00  4                                                         
<ine.c.s.>      1.01      1.25000000D+01    232.04    0    4            
 2.82231D+02  1                                                         
 6.45865D+01  2                                                         
 1.68991D+01  3                                                         
 3.22225D+00  4                                                         
<ine.c.s.>      1.01      1.30000000D+01    232.04    0    4            
 2.73139D+02  1                                                         
 6.20723D+01  2                                                         
 1.59317D+01  3                                                         
 2.96416D+00  4                                                         
<ine.c.s.>      1.01      1.35000000D+01    232.04    0    4            
 2.64024D+02  1                                                         
 5.94498D+01  2                                                         
 1.49980D+01  3                                                         
 2.73006D+00  4                                                         
<ine.c.s.>      1.01      1.40000000D+01    232.04    0    4            
 2.54851D+02  1                                                         
 5.67391D+01  2                                                         
 1.40902D+01  3                                                         
 2.51899D+00  4                                                         
<ine.c.s.>      1.01      1.45000000D+01    232.04    0    4            
 2.45692D+02  1                                                         
 5.39819D+01  2                                                         
 1.32100D+01  3                                                         
 2.33125D+00  4                                                         
<ine.c.s.>      1.01      1.50000000D+01    232.04    0    4            
 2.36695D+02  1                                                         
 5.12363D+01  2                                                         
 1.23659D+01  3                                                         
 2.16616D+00  4                                                         
<ine.c.s.>      1.01      1.60000000D+01    232.04    0    4            
 2.19849D+02  1                                                         
 4.60297D+01  2                                                         
 1.08295D+01  3                                                         
 1.89515D+00  4                                                         
<ine.c.s.>      1.01      1.70000000D+01    232.04    0    4            
 2.05206D+02  1                                                         
 4.14994D+01  2                                                         
 9.54067D+00  3                                                         
 1.68173D+00  4                                                         
<ine.c.s.>      1.01      1.80000000D+01    232.04    0    4            
 1.92804D+02  1                                                         
 3.77611D+01  2                                                         
 8.49437D+00  3                                                         
 1.50020D+00  4                                                         
<ine.c.s.>      1.01      1.90000000D+01    232.04    0    4            
 1.82210D+02  1                                                         
 3.47417D+01  2                                                         
 7.64371D+00  3                                                         
 1.33263D+00  4                                                         
<ine.c.s.>      1.01      2.00000000D+01    232.04    0    4            
 1.73019D+02  1                                                         
 3.23137D+01  2                                                         
 6.93580D+00  3                                                         
 1.17217D+00  4                                                         
