                                                                        
      39089        700          2 293.160004  39-Y -89 
 1.00000E-5 .500000000 108.917864 45.7254516 63.1690491
            .500000000 110.361000 46.3230686 64.0143596
 1.04713E-5 .500000000 106.464358 44.7100389 61.7316580
            .500000000 107.874114 45.2934935 62.5576069
 1.09648E-5 .500000000 104.064973 43.7169774 60.3256435
            .500000000 105.442303 44.2870039 61.1327886
 1.14815E-5 .500000000 101.723663 42.7484939 58.9533134
            .500000000 103.069628 43.3053835 59.7422753
 1.20226E-5 .500000000 99.4330931 41.8018075 57.6103805
            .500000000 100.748342 42.3454462 58.3815401
 1.25893E-5 .500000000 97.1982480 40.8774784 56.2997544
            .500000000 98.4832636 41.4084683 57.0533945
 1.31826E-5 .500000000 95.0130472 39.9753349 55.0178809
            .500000000 96.2682466 40.4936875 55.7542470
 1.38038E-5 .500000000 92.8789099 39.0932046 53.7655869
            .500000000 94.1049752 39.5995303 54.4850786
 1.44544E-5 .500000000 90.7946245 38.2330176 52.5421622
            .500000000 91.9921916 38.7276152 53.2451521
 1.51356E-5 .500000000 88.7565162 37.3923308 51.3454567
            .500000000 89.9264479 37.8750650 52.0324511
 1.58489E-5 .500000000 86.7679141 36.5716287 50.1774141
            .500000000 87.9110833 37.0430645 50.8489235
 1.65959E-5 .500000000 84.8225839 35.7707798 49.0343878
            .500000000 85.9395609 36.2309111 49.6907479
 1.73780E-5 .500000000 82.9247927 34.9878235 47.9188699
            .500000000 84.0159877 35.4371970 48.5603211
 1.81970E-5 .500000000 81.0692900 34.2245036 46.8277880
            .500000000 82.1350856 34.6633826 47.4545562
 1.90546E-5 .500000000 79.2574397 33.4786407 45.7619374
            .500000000 80.2983534 33.9069068 46.3743263
 1.99526E-5 .500000000 77.4880643 32.7506513 44.7206270
            .500000000 78.5046577 33.1687968 45.3189662
 2.08930E-5 .500000000 75.7581237 32.0404350 43.7020760
            .500000000 76.7511354 32.4484732 44.2867995
 2.18776E-5 .500000000 74.0706243 31.3462457 42.7079056
            .500000000 75.0405514 31.7446488 43.2794495
 2.29087E-5 .500000000 72.4198302 30.6696265 41.7350287
            .500000000 73.3676286 31.0586351 42.2936789
 2.39883E-5 .500000000 70.8093550 30.0086509 40.7855716
            .500000000 71.7353385 30.3881518 41.3315352
 2.51189E-5 .500000000 69.2360463 29.3636780 39.8569027
            .500000000 70.1397035 29.7341162 40.3903671
 2.63027E-5 .500000000 67.6982374 28.7346316 38.9497232
            .500000000 68.5810371 29.0960139 39.4709631
 2.75423E-5 .500000000 66.1980663 28.1199520 38.0634220
            .500000000 67.0604119 28.4726998 38.5726836
 2.88403E-5 .500000000 64.7309172 27.5210076 37.1965030
            .500000000 65.5732597 27.8653380 37.6941736
 3.01995E-5 .500000000 63.2997511 26.9361058 36.3503252
            .500000000 64.1226092 27.2719062 36.8367807
 3.16228E-5 .500000000 61.9018140 26.3655404 35.5222722
            .500000000 62.7047286 26.6932147 35.9977444
 3.31131E-5 .500000000 60.5355983 25.8092547 34.7141553
            .500000000 61.3198635 26.1288147 35.1788399
 3.46737E-5 .500000000 59.2030163 25.2658765 33.9237181
            .500000000 59.9690066 25.5776764 34.3777637
 3.63078E-5 .500000000 57.8999546 24.7366217 33.1515991
            .500000000 58.6480635 25.0409341 33.5952395
 3.80189E-5 .500000000 56.6290510 24.2201292 32.3972223
            .500000000 57.3597427 24.5165941 32.8306728
 3.98107E-5 .500000000 55.3878588 23.7161034 31.6593672
            .500000000 56.1007187 24.0053859 32.0829340
 4.16869E-5 .500000000 54.1750205 23.2251807 30.9391443
            .500000000 54.8712122 23.5073026 31.3531808
 4.36516E-5 .500000000 52.9922611 22.7458906 30.2343576
            .500000000 53.6721096 23.0209394 30.6390359
 4.57088E-5 .500000000 51.8359100 22.2789352 29.5465409
            .500000000 52.4997667 22.5472547 29.9420449
 4.78630E-5 .500000000 50.7083060 21.8239346 28.8737582
            .500000000 51.3565794 22.0852450 29.2602162
 5.01187E-5 .500000000 49.6072900 21.3797613 28.2165883
            .500000000 50.2396172 21.6345856 28.5941883
 5.24807E-5 .500000000 48.5316351 20.9474522 27.5745020
            .500000000 49.1490511 21.1959670 27.9434278
 5.49541E-5 .500000000 47.4828852 20.5260290 26.9464927
            .500000000 48.0856805 20.7679039 27.3070021
 5.75440E-5 .500000000 46.4577792 20.1150264 26.3334795
            .500000000 47.0462584 20.3508432 26.6858791
 6.02560E-5 .500000000 45.4583825 19.7151685 25.7336080
            .500000000 46.0329208 19.9449210 26.0780457
 6.30957E-5 .500000000 44.4827915 19.3252312 25.1481838
            .500000000 45.0430570 19.5489186 25.4848122
 6.60693E-5 .500000000 43.5298990 18.9453772 24.5755414
            .500000000 44.0768170 19.1634573 24.9044806
 6.91831E-5 .500000000 42.6010869 18.5758477 24.0162084
            .500000000 43.1349195 18.7881542 24.3376050
 7.24436E-5 .500000000 41.6934528 18.2155851 23.4696986
            .500000000 42.2144661 18.4222319 23.7837096
 7.58578E-5 .500000000 40.8088277 17.8649654 22.9351799
            .500000000 41.3173538 18.0663387 23.2420296
 7.94328E-5 .500000000 39.9455229 17.5239647 22.4134211
            .500000000 40.4412761 17.7198206 22.7133630
 8.31764E-5 .500000000 39.1025728 17.1916057 21.9028436
            .500000000 39.5863385 17.3822172 22.1960144
 8.70964E-5 .500000000 38.2812132 16.8684536 21.4045714
            .500000000 38.7533392 17.0540877 21.6910916
 9.12011E-5 .500000000 37.4789255 16.5542736 20.9171651
            .500000000 37.9394088 16.7346861 21.1971481
 9.54993E-5 .500000000 36.6968085 16.2482264 20.4411024
            .500000000 37.1462426 16.4236842 20.7146669
 1.00000E-4 .500000000 35.9343450 15.9507143 19.9759477
            .500000000 36.3723195 16.1215814 20.2432161
 1.04713E-4 .500000000 35.1895983 15.6617205 19.5209966
            .500000000 35.6169403 15.8276975 19.7821736
 1.09648E-4 .500000000 34.4642798 15.3804744 19.0769121
            .500000000 34.8812897 15.5416858 19.3321997
 1.14815E-4 .500000000 33.7568100 15.1070931 18.6423420
            .500000000 34.1629483 15.2640163 18.8918652
 1.20226E-4 .500000000 33.0662967 14.8417497 18.2182406
            .500000000 33.4625354 14.9942145 18.4621079
 1.25893E-4 .500000000 32.3939414 14.5839053 17.8033919
            .500000000 32.7803925 14.7316969 18.0416878
 1.31826E-4 .500000000 31.7377425 14.3331155 17.3981981
            .500000000 32.1143330 14.4768554 17.6310359
 1.38038E-4 .500000000 31.0982634 14.0899665 17.0022849
            .500000000 31.4655801 14.2297032 17.2297603
 1.44544E-4 .500000000 30.4753760 13.8540429 16.6150679
            .500000000 30.8331743 13.9893988 16.8373526
 1.51356E-4 .500000000 29.8674489 13.6247854 16.2370801
            .500000000 30.2162488 13.7560751 16.4543642
 1.58489E-4 .500000000 29.2755495 13.4023095 15.8672001
            .500000000 29.6158182 13.5299605 16.0795735
 1.65959E-4 .500000000 28.6989641 13.1868415 15.5062353
            .500000000 29.0300263 13.3106370 15.7137973
 1.73780E-4 .500000000 28.1362599 12.9779258 15.1531285
            .500000000 28.4590405 13.0976530 15.3559612
 1.81970E-4 .500000000 27.5887602 12.7751093 14.8082633
            .500000000 27.9035198 12.8911991 15.0064456
 1.90546E-4 .500000000 27.0554572 12.5786034 14.4712805
            .500000000 27.3615797 12.6913812 14.6649001
 1.99526E-4 .500000000 26.5352003 12.3884858 14.1417043
            .500000000 26.8336143 12.4977655 14.3309093
 2.08930E-4 .500000000 26.0292454 12.2044301 13.8199904
            .500000000 26.3200831 12.3099325 14.0049282
 2.18776E-4 .500000000 25.5364820 12.0261231 13.5051732
            .500000000 25.8192512 12.1280821 13.6859302
 2.29087E-4 .500000000 25.0558834 11.8533130 13.1979412
            .500000000 25.3315086 11.9522751 13.3746051
 2.39883E-4 .500000000 24.5885599 11.6863396 12.8973989
            .500000000 24.8572421 11.7823144 13.0700321
 2.51189E-4 .500000000 24.1337322 11.5250268 12.6038719
            .500000000 24.3947975 11.6177260 12.7725494
 2.63027E-4 .500000000 23.6902403 11.3691136 12.3170492
            .500000000 23.9445545 11.4584269 12.4818447
 2.75423E-4 .500000000 23.2590723 11.2183901 12.0365393
            .500000000 23.5069056 11.3044868 12.1975736
 2.88403E-4 .500000000 22.8396668 11.0725763 11.7627115
            .500000000 23.0804953 11.1559013 11.9201204
 3.01995E-4 .500000000 22.4309571 10.9318076 11.4947561
            .500000000 22.6652451 11.0125822 11.6486085
 3.16228E-4 .500000000 22.0332759 10.7960574 11.2332617
            .500000000 22.2616547 10.8741517 11.3836288
 3.31131E-4 .500000000 21.6467989 10.6651800 10.9774565
            .500000000 21.8689124 10.7404599 11.1243910
 3.46737E-4 .500000000 21.2707300 10.5390178 10.7276281
            .500000000 21.4863054 10.6113933 10.8711978
 3.63078E-4 .500000000 20.9042904 10.4173697 10.4834994
            .500000000 21.1143814 10.4869573 10.6237622
 3.80189E-4 .500000000 20.5483152 10.3001508 10.2447489
            .500000000 20.7530201 10.3670213 10.3818107
 3.98107E-4 .500000000 20.2023358 10.1872070 10.0116829
            .500000000 20.4009986 10.2515271 10.1456583
 4.16869E-4 .500000000 19.8656113 10.0783942 9.78361562
            .500000000 20.0585091 10.1403412 9.91456396
 4.36516E-4 .500000000 19.5377762 9.97367795 9.56104909
            .500000000 19.7258184 10.0333536 9.68903034
 4.57088E-4 .500000000 19.2194324 9.87293181 9.34331937
            .500000000 19.4025370 9.93043604 9.46838185
 4.78630E-4 .500000000 18.9101568 9.77606310 9.13068324
            .500000000 19.0876894 9.83145494 9.25288215
 5.01187E-4 .500000000 18.6091993 9.68293622 8.92289284
            .500000000 18.7815368 9.73626786 9.04227819
 5.24807E-4 .500000000 18.3162253 9.59350075 8.71968443
            .500000000 18.4841530 9.64480367 8.83634539
 5.49541E-4 .500000000 18.0317479 9.50763480 8.52131440
            .500000000 18.1953657 9.55690943 8.63534355
 5.75440E-4 .500000000 17.7554727 9.42522953 8.32720009
            .500000000 17.9143200 9.47248245 8.43864702
 6.02560E-4 .500000000 17.4869241 9.34617914 8.13776255
            .500000000 17.6408729 9.39141322 8.24669120
 6.30957E-4 .500000000 17.2257097 9.27035891 7.95243836
            .500000000 17.3751849 9.31359876 8.05889108
 6.60693E-4 .500000000 16.9715004 9.19764476 7.77145935
            .500000000 17.1172351 9.23895631 7.87547168
 6.91831E-4 .500000000 16.7246823 9.12794272 7.59460208
            .500000000 16.8667009 9.16740672 7.69621254
 7.24436E-4 .500000000 16.4850169 9.06106276 7.42164628
            .500000000 16.6229615 9.09886335 7.52093568
 7.58578E-4 .500000000 16.2521553 8.99692401 7.25280158
            .500000000 16.3858430 9.03325597 7.34985690
 7.94328E-4 .500000000 16.0258262 8.93545991 7.08758288
            .500000000 16.1553766 8.97047378 7.18244132
 8.31764E-4 .500000000 15.8056447 8.87657748 6.92634693
            .500000000 15.9315220 8.91042015 7.01905979
 8.70964E-4 .500000000 15.5914395 8.82028317 6.76860851
            .500000000 15.7141339 8.85292556 6.85921426
 9.12011E-4 .500000000 15.3833691 8.76666328 6.61457110
            .500000000 15.5030578 8.79771574 6.70310179
 9.54993E-4 .500000000 15.1812796 8.71550829 6.46404010
            .500000000 15.2977270 8.74465383 6.55052478
 .001000000 .500000000 14.9849501 8.66630172 6.31683172
            .500000000 15.0980626 8.69396432 6.40134090
 .001047129 .500000000 14.7941850 8.61897688 6.17312121
            .500000000 14.9038696 8.64584032 6.25572765
 .001096478 .500000000 14.6087243 8.57375962 6.03249850
            .500000000 14.7151330 8.59995333 6.11323209
 .001148154 .500000000 14.4284625 8.53102062 5.89526251
            .500000000 14.5316459 8.55581336 5.97417375
 .001202264 .500000000 14.2531464 8.49018760 5.76100387
            .500000000 14.3533336 8.51320952 5.83812156
 .001258925 .500000000 14.0827194 8.45060894 5.62989893
            .500000000 14.1800077 8.47292172 5.70524901
 .001318257 .500000000 13.9169424 8.41279679 5.50177204
            .500000000 14.0115426 8.43476449 5.57538507
 .001380384 .500000000 13.7557793 8.37738058 5.37647867
            .500000000 13.8477827 8.39784703 5.44840954
 .001445440 .500000000 13.5990072 8.34311885 5.25416175
            .500000000 13.6885646 8.36224878 5.32446995
 .001513561 .500000000 13.4465949 8.30993141 5.13446857
            .500000000 13.5337710 8.32904900 5.20318940
 .001584893 .500000000 13.2983339 8.27907359 5.01766497
            .500000000 13.3832157 8.29700618 5.08482868
 .001659587 .500000000 13.1955028 8.25754594 4.93620942
            .500000000 13.1955028 8.25754594 4.93620942
 .001737801 .500000000 13.0542078 8.22864459 4.82386989
            .500000000 13.0542078 8.22864459 4.82386989
 .001819701 .500000000 12.9167323 8.20124483 4.71407515
            .500000000 12.9167323 8.20124483 4.71407515
 .001905461 .500000000 12.7830315 8.17457662 4.60671788
            .500000000 12.7830315 8.17457662 4.60671788
 .001995262 .500000000 12.6529547 8.14963685 4.50191767
            .500000000 12.6529547 8.14963685 4.50191767
 .002089296 .500000000 12.5263636 8.12544653 4.39936625
            .500000000 12.5263636 8.12544653 4.39936625
 .002187762 .500000000 12.4032144 8.10243586 4.29928756
            .500000000 12.4032144 8.10243586 4.29928756
 .002290868 .500000000 12.2833729 8.08068430 4.20137340
            .500000000 12.2833729 8.08068430 4.20137340
 .002398833 .500000000 12.1667233 8.05944982 4.10575778
            .500000000 12.1667233 8.05944982 4.10575778
 .002511886 .500000000 12.0532115 8.03977581 4.01230563
            .500000000 12.0532115 8.03977581 4.01230563
 .002630268 .500000000 11.9427282 8.02029802 3.92093020
            .500000000 11.9427282 8.02029802 3.92093020
 .002754229 .500000000 11.8351863 8.00243160 3.83172969
            .500000000 11.8351863 8.00243160 3.83172969
 .002884032 .500000000 11.7305051 7.98460545 3.74444376
            .500000000 11.7305051 7.98460545 3.74444376
 .003019952 .500000000 11.6286053 7.96835938 3.65926272
            .500000000 11.6286053 7.96835938 3.65926272
 .003162278 .500000000 11.5293984 7.95205594 3.57592297
            .500000000 11.5293984 7.95205594 3.57592297
 .003311311 .500000000 11.4328407 7.93727726 3.49454134
            .500000000 11.4328407 7.93727726 3.49454134
 .003467369 .500000000 11.3388078 7.92240176 3.41499910
            .500000000 11.3388078 7.92240176 3.41499910
 .003630781 .500000000 11.2471333 7.90887295 3.33722618
            .500000000 11.2471333 7.90887295 3.33722618
 .003801894 .500000000 11.1578581 7.89546057 3.26130319
            .500000000 11.1578581 7.89546057 3.26130319
 .003981072 .500000000 11.0709338 7.88285508 3.18701028
            .500000000 11.0709338 7.88285508 3.18701028
 .004168694 .500000000 10.9863076 7.87097479 3.11450911
            .500000000 10.9863076 7.87097479 3.11450911
 .004365158 .500000000 10.9039297 7.85907855 3.04357432
            .500000000 10.9039297 7.85907855 3.04357432
 .004570882 .500000000 10.8237279 7.84852651 2.97430774
            .500000000 10.8237279 7.84852651 2.97430774
 .004786301 .500000000 10.7454027 7.83765991 2.90660511
            .500000000 10.7454027 7.83765991 2.90660511
 .005011872 .500000000 10.6690823 7.82777887 2.84041002
            .500000000 10.6690823 7.82777887 2.84041002
 .005248075 .500000000 10.5947978 7.81837951 2.77578863
            .500000000 10.5947978 7.81837951 2.77578863
 .005495409 .500000000 10.5225133 7.80877741 2.71255538
            .500000000 10.5225133 7.80877741 2.71255538
 .005754399 .500000000 10.4521408 7.80045300 2.65084775
            .500000000 10.4521408 7.80045300 2.65084775
 .006025596 .500000000 10.3832971 7.79207930 2.59047313
            .500000000 10.3832971 7.79207930 2.59047313
 .006309573 .500000000 10.3162418 7.78371655 2.53152047
            .500000000 10.3162418 7.78371655 2.53152047
 .006606934 .500000000 10.2510244 7.77655609 2.47389853
            .500000000 10.2510244 7.77655609 2.47389853
 .006918310 .500000000 10.1876248 7.76922008 2.41756233
            .500000000 10.1876248 7.76922008 2.41756233
 .007244360 .500000000 10.1255229 7.76187660 2.36256633
            .500000000 10.1255229 7.76187660 2.36256633
 .007585776 .500000000 10.0649617 7.75568385 2.30875422
            .500000000 10.0649617 7.75568385 2.30875422
 .007943282 .500000000 10.0061266 7.74937630 2.25624317
            .500000000 10.0061266 7.74937630 2.25624317
 .008317638 .500000000 9.94890939 7.74287286 2.20486878
            .500000000 9.94890939 7.74287286 2.20486878
 .008709636 .500000000 9.89269978 7.73740546 2.15470864
            .500000000 9.89269978 7.73740546 2.15470864
 .009120108 .500000000 9.83805293 7.73210062 2.10568283
            .500000000 9.83805293 7.73210062 2.10568283
 .009549926 .500000000 9.78506590 7.72654577 2.05775525
            .500000000 9.78506590 7.72654577 2.05775525
 .010000000 .500000000 9.73305457 7.72129970 2.01096997
            .500000000 9.73305457 7.72129970 2.01096997
 .010471285 .500000000 9.68228172 7.71692556 1.96519448
            .500000000 9.68228172 7.71692556 1.96519448
 .010964782 .500000000 9.63312493 7.71237394 1.92052736
            .500000000 9.63312493 7.71237394 1.92052736
 .011481536 .500000000 9.58500599 7.70760781 1.87682716
            .500000000 9.58500599 7.70760781 1.87682716
 .012022644 .500000000 9.53785948 7.70339630 1.83416011
            .500000000 9.53785948 7.70339630 1.83416011
 .012589254 .500000000 9.49233242 7.69977941 1.79245512
            .500000000 9.49233242 7.69977941 1.79245512
 .013182567 .500000000 9.44767415 7.69599206 1.75168209
            .500000000 9.44767415 7.69599206 1.75168209
 .013803843 .500000000 9.40394157 7.69202621 1.71187527
            .500000000 9.40394157 7.69202621 1.71187527
 .014454398 .500000000 9.36179995 7.68834293 1.67292138
            .500000000 9.36179995 7.68834293 1.67292138
 .015135612 .500000000 9.32032149 7.68541961 1.63490188
            .500000000 9.32032149 7.68541961 1.63490188
 .015848932 .500000000 9.28007785 7.68238339 1.59769445
            .500000000 9.28007785 7.68238339 1.59769445
 .016595869 .500000000 9.24064797 7.67920408 1.56135493
            .500000000 9.24064797 7.67920408 1.56135493
 .017378008 .500000000 9.20186495 7.67589507 1.52582098
            .500000000 9.20186495 7.67589507 1.52582098
 .018197009 .500000000 9.16459532 7.67325575 1.49106986
            .500000000 9.16459532 7.67325575 1.49106986
 .019054607 .500000000 9.12806097 7.67092879 1.45713218
            .500000000 9.12806097 7.67092879 1.45713218
 .019952623 .500000000 9.09240968 7.66849216 1.42391752
            .500000000 9.09240968 7.66849216 1.42391752
 .020892961 .500000000 9.05750948 7.66594070 1.39150172
            .500000000 9.05750948 7.66594070 1.39150172
 .021877616 .500000000 9.02313743 7.66326900 1.35978727
            .500000000 9.02313743 7.66326900 1.35978727
 .022908677 .500000000 8.99031051 7.66087902 1.32882992
            .500000000 8.99031051 7.66087902 1.32882992
 .023988329 .500000000 8.95737700 7.65878484 1.29857957
            .500000000 8.95737700 7.65878484 1.29857957
 .025118864 .500000000 8.92612015 7.65684652 1.26900904
            .500000000 8.92612015 7.65684652 1.26900904
 .026302680 .500000000 8.89544124 7.65527153 1.24016970
            .500000000 8.89544124 7.65527153 1.24016970
 .027542287 .500000000 8.86558205 7.65363098 1.21195107
            .500000000 8.86558205 7.65363098 1.21195107
 .028840315 .500000000 8.83630856 7.65191311 1.18439545
            .500000000 8.83630856 7.65191311 1.18439545
 .030199517 .500000000 8.80757266 7.65011427 1.15744886
            .500000000 8.80757266 7.65011427 1.15744886
 .031622777 .500000000 8.77931948 7.64823067 1.13108881
            .500000000 8.77931948 7.64823067 1.13108881
 .033113112 .500000000 8.75236259 7.64645240 1.10533660
            .500000000 8.75236259 7.64645240 1.10533660
 .034673685 .500000000 8.72539890 7.64527447 1.08012442
            .500000000 8.72539890 7.64527447 1.08012442
 .036307805 .500000000 8.69967703 7.64410020 1.05551131
            .500000000 8.69967703 7.64410020 1.05551131
 .038018940 .500000000 8.67429527 7.64287058 1.03142469
            .500000000 8.67429527 7.64287058 1.03142469
 .039810717 .500000000 8.64948952 7.64158302 1.00790650
            .500000000 8.64948952 7.64158302 1.00790650
 .041686938 .500000000 8.62515310 7.64023477 .984918335
            .500000000 8.62515310 7.64023477 .984918335
 .043651583 .500000000 8.60160558 7.63882298 .962447163
            .500000000 8.60160558 7.63882298 .962447163
 .045708819 .500000000 8.57811601 7.63741234 .940511581
            .500000000 8.57811601 7.63741234 .940511581
 .047863009 .500000000 8.55600188 7.63652407 .919052075
            .500000000 8.55600188 7.63652407 .919052075
 .050118723 .500000000 8.53384798 7.63573093 .898117048
            .500000000 8.53384798 7.63573093 .898117048
 .052480746 .500000000 8.51254396 7.63490041 .877643544
            .500000000 8.51254396 7.63490041 .877643544
 .054954087 .500000000 8.49170033 7.63403076 .857669570
            .500000000 8.49170033 7.63403076 .857669570
 .057543994 .500000000 8.47128103 7.63312011 .838160915
            .500000000 8.47128103 7.63312011 .838160915
 .060255959 .500000000 8.45126717 7.63216655 .819100616
            .500000000 8.45126717 7.63216655 .819100616
 .063095734 .500000000 8.43165910 7.63116805 .800491044
            .500000000 8.43165910 7.63116805 .800491044
 .066069345 .500000000 8.41281204 7.63012249 .782265590
            .500000000 8.41281204 7.63012249 .782265590
 .069183097 .500000000 8.39386530 7.62920431 .764455780
            .500000000 8.39386530 7.62920431 .764455780
 .072443596 .500000000 8.37613773 7.62869369 .747015366
            .500000000 8.37613773 7.62869369 .747015366
 .075857758 .500000000 8.35815180 7.62818106 .729970742
            .500000000 8.35815180 7.62818106 .729970742
 .079432823 .500000000 8.34100111 7.62764427 .713315185
            .500000000 8.34100111 7.62764427 .713315185
 .083176377 .500000000 8.32410805 7.62708218 .697025873
            .500000000 8.32410805 7.62708218 .697025873
 .087096359 .500000000 8.30762240 7.62649360 .681128798
            .500000000 8.30762240 7.62649360 .681128798
 .091201084 .500000000 8.29145104 7.62587728 .665573759
            .500000000 8.29145104 7.62587728 .665573759
 .095499259 .500000000 8.27562618 7.62523192 .650394264
            .500000000 8.27562618 7.62523192 .650394264
 .100000000 .500000000 8.26027863 7.62455614 .635547854
            .500000000 8.26027863 7.62455614 .635547854
 .104712855 .500000000 8.24489861 7.62384851 .621050098
            .500000000 8.24489861 7.62384851 .621050098
 .109647820 .500000000 8.23036042 7.62310754 .606895566
            .500000000 8.23036042 7.62310754 .606895566
 .114815362 .500000000 8.21620404 7.62253233 .593075675
            .500000000 8.21620404 7.62253233 .593075675
 .120226443 .500000000 8.20184176 7.62223239 .579609375
            .500000000 8.20184176 7.62223239 .579609375
 .125892541 .500000000 8.18863962 7.62192116 .566429420
            .500000000 8.18863962 7.62192116 .566429420
 .131825674 .500000000 8.17513453 7.62159527 .553539262
            .500000000 8.17513453 7.62159527 .553539262
 .138038426 .500000000 8.16215694 7.62125402 .540902921
            .500000000 8.16215694 7.62125402 .540902921
 .144543977 .500000000 8.14947061 7.62089668 .528543014
            .500000000 8.14947061 7.62089668 .528543014
 .151356125 .500000000 8.13699170 7.62052251 .516469192
            .500000000 8.13699170 7.62052251 .516469192
 .158489319 .500000000 8.12478922 7.62013070 .504658518
            .500000000 8.12478922 7.62013070 .504658518
 .165958691 .500000000 8.11285393 7.61972043 .493133504
            .500000000 8.11285393 7.61972043 .493133504
 .173780083 .500000000 8.10114728 7.61929082 .481856460
            .500000000 8.10114728 7.61929082 .481856460
 .181970086 .500000000 8.08969085 7.61884096 .470849891
            .500000000 8.08969085 7.61884096 .470849891
 .190546072 .500000000 8.07862228 7.61836990 .460086749
            .500000000 8.07862228 7.61836990 .460086749
 .199526231 .500000000 8.06744646 7.61787664 .449569822
            .500000000 8.06744646 7.61787664 .449569822
 .208929613 .500000000 8.05708424 7.61736014 .439298578
            .500000000 8.05708424 7.61736014 .439298578
 .218776162 .500000000 8.04671813 7.61684824 .429254152
            .500000000 8.04671813 7.61684824 .429254152
 .229086765 .500000000 8.03613251 7.61658025 .419467918
            .500000000 8.03613251 7.61658025 .419467918
 .239883292 .500000000 8.02669245 7.61636508 .409925874
            .500000000 8.02669245 7.61636508 .409925874
 .251188643 .500000000 8.01708669 7.61613977 .400618064
            .500000000 8.01708669 7.61613977 .400618064
 .263026799 .500000000 8.00737437 7.61590385 .391470519
            .500000000 8.00737437 7.61590385 .391470519
 .275422870 .500000000 7.99818952 7.61565680 .382506082
            .500000000 7.99818952 7.61565680 .382506082
 .288403150 .500000000 7.98927075 7.61539811 .373749045
            .500000000 7.98927075 7.61539811 .373749045
 .301995172 .500000000 7.98030865 7.61512724 .365181415
            .500000000 7.98030865 7.61512724 .365181415
 .316227766 .500000000 7.97166448 7.61484359 .356820889
            .500000000 7.97166448 7.61484359 .356820889
 .331131121 .500000000 7.96319755 7.61454658 .348640742
            .500000000 7.96319755 7.61454658 .348640742
 .346736850 .500000000 7.95489031 7.61423557 .340654746
            .500000000 7.95489031 7.61423557 .340654746
 .363078055 .500000000 7.94675712 7.61390990 .332847218
            .500000000 7.94675712 7.61390990 .332847218
 .380189396 .500000000 7.93878427 7.61356888 .325215385
            .500000000 7.93878427 7.61356888 .325215385
 .398107171 .500000000 7.93097516 7.61321179 .317763368
            .500000000 7.93097516 7.61321179 .317763368
 .416869383 .500000000 7.92331027 7.61283788 .310472396
            .500000000 7.92331027 7.61283788 .310472396
 .436515832 .500000000 7.91581205 7.61244634 .303365710
            .500000000 7.91581205 7.61244634 .303365710
 .457088190 .500000000 7.90862832 7.61203634 .296454025
            .500000000 7.90862832 7.61203634 .296454025
 .478630092 .500000000 7.90133212 7.61160703 .289725088
            .500000000 7.90133212 7.61160703 .289725088
 .501187234 .500000000 7.89422290 7.61115748 .283065415
            .500000000 7.89422290 7.61115748 .283065415
 .524807460 .500000000 7.88754735 7.61068675 .276558559
            .500000000 7.88754735 7.61068675 .276558559
 .549540874 .500000000 7.88085652 7.61019383 .270195979
            .500000000 7.88085652 7.61019383 .270195979
 .575439937 .500000000 7.87385055 7.60967768 .263979044
            .500000000 7.87385055 7.60967768 .263979044
 .602559586 .500000000 7.86736930 7.60916999 .257903550
            .500000000 7.86736930 7.60916999 .257903550
 .630957344 .500000000 7.86139956 7.60880366 .251966848
            .500000000 7.86139956 7.60880366 .251966848
 .660693448 .500000000 7.85514847 7.60844291 .246162584
            .500000000 7.85514847 7.60844291 .246162584
 .691830971 .500000000 7.84861192 7.60806516 .240493765
            .500000000 7.84861192 7.60806516 .240493765
 .724435960 .500000000 7.84271509 7.60766961 .234948663
            .500000000 7.84271509 7.60766961 .234948663
 .758577575 .500000000 7.83718214 7.60725542 .229534694
            .500000000 7.83718214 7.60725542 .229534694
 .794328235 .500000000 7.83138842 7.60682170 .224236189
            .500000000 7.83138842 7.60682170 .224236189
 .831763771 .500000000 7.82543276 7.60636755 .219065210
            .500000000 7.82543276 7.60636755 .219065210
 .870963590 .500000000 7.81990933 7.60589199 .214017341
            .500000000 7.81990933 7.60589199 .214017341
 .912010839 .500000000 7.81470060 7.60539402 .209148590
            .500000000 7.81470060 7.60539402 .209148590
 .954992586 .500000000 7.80941955 7.60487258 .204339396
            .500000000 7.80941955 7.60487258 .204339396
 1.00000000 .500000000 7.80390545 7.60432657 .199578879
            .500000000 7.80390545 7.60432657 .199578879
 1.04712855 .500000000 7.79872952 7.60375482 .194974701
            .500000000 7.79872952 7.60375482 .194974701
 1.09647820 .500000000 7.79359131 7.60315613 .190435177
            .500000000 7.79359131 7.60315613 .190435177
 1.14815362 .500000000 7.78861712 7.60252922 .186024165
            .500000000 7.78861712 7.60252922 .186024165
 1.20226443 .500000000 7.78357282 7.60187277 .181700055
            .500000000 7.78357282 7.60187277 .181700055
 1.25892541 .500000000 7.77865953 7.60118538 .177474149
            .500000000 7.77865953 7.60118538 .177474149
 1.31825674 .500000000 7.77381706 7.60046559 .173351466
            .500000000 7.77381706 7.60046559 .173351466
 1.38038426 .500000000 7.76902200 7.59971188 .169310113
            .500000000 7.76902200 7.59971188 .169310113
 1.44543977 .500000000 7.76428984 7.59892265 .165367189
            .500000000 7.76428984 7.59892265 .165367189
 1.51356125 .500000000 7.75960849 7.59809623 .161512263
            .500000000 7.75960849 7.59809623 .161512263
 1.58489319 .500000000 7.75496860 7.59723086 .157737747
            .500000000 7.75496860 7.59723086 .157737747
 1.65958691 .500000000 7.75037870 7.59632470 .154054003
            .500000000 7.75037870 7.59632470 .154054003
 1.73780083 .500000000 7.74582348 7.59537584 .150447641
            .500000000 7.74582348 7.59537584 .150447641
 1.81970086 .500000000 7.74130838 7.59438226 .146926129
            .500000000 7.74130838 7.59438226 .146926129
 1.90546072 .500000000 7.73682421 7.59334185 .143482357
            .500000000 7.73682421 7.59334185 .143482357
 1.99526231 .500000000 7.73241585 7.59225241 .140163440
            .500000000 7.73241585 7.59225241 .140163440
 2.08929613 .500000000 7.72798913 7.59111162 .136877509
            .500000000 7.72798913 7.59111162 .136877509
 2.18776162 .500000000 7.72355863 7.58991708 .133641557
            .500000000 7.72355863 7.58991708 .133641557
 2.29086765 .500000000 7.71924364 7.58866623 .130486155
            .500000000 7.71924364 7.58866623 .130486155
 2.39883292 .500000000 7.71476164 7.58735644 .127405201
            .500000000 7.71476164 7.58735644 .127405201
 2.51188643 .500000000 7.71036400 7.58598491 .124379083
            .500000000 7.71036400 7.58598491 .124379083
 2.63026799 .500000000 7.70598925 7.58454875 .121440495
            .500000000 7.70598925 7.58454875 .121440495
 2.75422870 .500000000 7.70165927 7.58304491 .118545649
            .500000000 7.70165927 7.58304491 .118545649
 2.88403150 .500000000 7.69747468 7.58147018 .115725535
            .500000000 7.69747468 7.58147018 .115725535
 3.01995172 .500000000 7.69309287 7.57982125 .112968258
            .500000000 7.69309287 7.57982125 .112968258
 3.16227766 .500000000 7.68850455 7.57809460 .110266029
            .500000000 7.68850455 7.57809460 .110266029
 3.31131121 .500000000 7.68391133 7.57628658 .107624745
            .500000000 7.68391133 7.57628658 .107624745
 3.46736850 .500000000 7.67960847 7.57439335 .105042044
            .500000000 7.67960847 7.57439335 .105042044
 3.63078055 .500000000 7.67546313 7.57241090 .102516701
            .500000000 7.67546313 7.57241090 .102516701
 3.80189396 .500000000 7.67112242 7.57034980 .100045968
            .500000000 7.67112242 7.57034980 .100045968
 3.98107171 .500000000 7.66657714 7.56832276 .097668870
            .500000000 7.66657714 7.56832276 .097668870
 4.16869383 .500000000 7.66181764 7.56623120 .095300957
            .500000000 7.66181764 7.56623120 .095300957
 4.36515832 .500000000 7.65702215 7.56404106 .092981090
            .500000000 7.65702215 7.56404106 .092981090
 4.57088190 .500000000 7.65254232 7.56174771 .090709613
            .500000000 7.65254232 7.56174771 .090709613
 4.78630092 .500000000 7.64810918 7.55934628 .088495960
            .500000000 7.64810918 7.55934628 .088495960
 5.01187234 .500000000 7.64346711 7.55683167 .086311987
            .500000000 7.64346711 7.55683167 .086311987
 5.24807460 .500000000 7.63860628 7.55419855 .084198931
            .500000000 7.63860628 7.55419855 .084198931
 5.49540874 .500000000 7.63355069 7.55144133 .082109359
            .500000000 7.63355069 7.55144133 .082109359
 5.75439937 .500000000 7.62862954 7.54855418 .080075363
            .500000000 7.62862954 7.54855418 .080075363
 6.02559586 .500000000 7.62361726 7.54553095 .078086313
            .500000000 7.62361726 7.54553095 .078086313
 6.30957344 .500000000 7.61849882 7.54236524 .076133575
            .500000000 7.61849882 7.54236524 .076133575
 6.60693448 .500000000 7.61327439 7.53905034 .074224043
            .500000000 7.61327439 7.53905034 .074224043
 6.91830971 .500000000 7.60794767 7.53557921 .072354104
            .500000000 7.60794767 7.53557921 .072354104
 7.24435960 .500000000 7.60247181 7.53194450 .070527310
            .500000000 7.60247181 7.53194450 .070527310
 7.58577575 .500000000 7.59687432 7.52813848 .068735838
            .500000000 7.59687432 7.52813848 .068735838
 7.94328235 .500000000 7.59116710 7.52415309 .067014002
            .500000000 7.59116710 7.52415309 .067014002
 8.31763771 .500000000 7.58527184 7.51997988 .065291957
            .500000000 7.58527184 7.51997988 .065291957
 8.70963590 .500000000 7.57921674 7.51560999 .063606755
            .500000000 7.57921674 7.51560999 .063606755
 9.12010839 .500000000 7.57308454 7.51103415 .061955301
            .500000000 7.57308454 7.51103415 .061955301
 9.54992586 .500000000 7.56674680 7.50624266 .060345194
            .500000000 7.56674680 7.50624266 .060345194
 10.0000000 .500000000 7.56011036 7.50122536 .058754354
            .500000000 7.56011036 7.50122536 .058754354
 10.4712855 .500000000 7.55318614 7.49597159 .057214550
            .500000000 7.55318614 7.49597159 .057214550
 10.9647820 .500000000 7.54615958 7.49047022 .055689358
            .500000000 7.54615958 7.49047022 .055689358
 11.4815362 .500000000 7.53933586 7.48478224 .054203941
            .500000000 7.53933586 7.48478224 .054203941
 12.0226443 .500000000 7.53229628 7.47912492 .052750837
            .500000000 7.53229628 7.47912492 .052750837
 12.5892541 .500000000 7.52492493 7.47323312 .051322146
            .500000000 7.52492493 7.47323312 .051322146
 13.1825674 .500000000 7.51720619 7.46706364 .049923197
            .500000000 7.51720619 7.46706364 .049923197
 13.8038426 .500000000 7.50915834 7.46060341 .048554930
            .500000000 7.50915834 7.46060341 .048554930
 14.4543977 .500000000 7.50105083 7.45383871 .047212118
            .500000000 7.50105083 7.45383871 .047212118
 15.1356125 .500000000 7.49265339 7.44675520 .045898190
            .500000000 7.49265339 7.44675520 .045898190
 15.8489319 .500000000 7.48394800 7.43933786 .044610142
            .500000000 7.48394800 7.43933786 .044610142
 16.5958691 .500000000 7.47491819 7.43157095 .043347241
            .500000000 7.47491819 7.43157095 .043347241
 17.3780083 .500000000 7.46573349 7.42343799 .042126644
            .500000000 7.46573349 7.42343799 .042126644
 18.1970086 .500000000 7.45613385 7.41492175 .040911455
            .500000000 7.45613385 7.41492175 .040911455
 19.0546072 .500000000 7.44608179 7.40600414 .039724975
            .500000000 7.44608179 7.40600414 .039724975
 19.9526231 .500000000 7.43555724 7.39694040 .038552279
            .500000000 7.43555724 7.39694040 .038552279
 20.8929613 .500000000 7.42523536 7.38781828 .037417087
            .500000000 7.42523536 7.38781828 .037417087
 21.8776162 .500000000 7.41455907 7.37826803 .036291043
            .500000000 7.41455907 7.37826803 .036291043
 22.9086765 .500000000 7.40346247 7.36826770 .035194770
            .500000000 7.40346247 7.36826770 .035194770
 23.9883292 .500000000 7.39191823 7.35779606 .034122175
            .500000000 7.39191823 7.35779606 .034122175
 25.1188643 .500000000 7.37989768 7.34683091 .033066774
            .500000000 7.37989768 7.34683091 .033066774
 26.3026799 .500000000 7.36738264 7.33534899 .032033656
            .500000000 7.36738264 7.33534899 .032033656
 27.5422870 .500000000 7.35443376 7.32332598 .031022061
            .500000000 7.35443376 7.32332598 .031022061
 28.8403150 .500000000 7.34160325 7.31118040 .030031055
            .500000000 7.34160325 7.31118040 .030031055
 30.1995172 .500000000 7.32816807 7.29889621 .029061424
            .500000000 7.32816807 7.29889621 .029061424
 31.6227766 .500000000 7.31414314 7.28603308 .028110061
            .500000000 7.31414314 7.28603308 .028110061
 33.1131121 .500000000 7.29974233 7.27256374 .027178591
            .500000000 7.29974233 7.27256374 .027178591
 34.6736850 .500000000 7.28472588 7.25845960 .026266275
            .500000000 7.28472588 7.25845960 .026266275
 36.3078055 .500000000 7.26943033 7.24369092 .025373134
            .500000000 7.26943033 7.24369092 .025373134
 38.0189396 .500000000 7.25382009 7.22879271 .024512634
            .500000000 7.25382009 7.22879271 .024512634
 39.8107171 .500000000 7.23747417 7.21372881 .023649792
            .500000000 7.23747417 7.21372881 .023649792
 41.6869383 .500000000 7.22077386 7.19795497 .022818888
            .500000000 7.22077386 7.19795497 .022818888
 43.6515832 .500000000 7.20343117 7.18143773 .021993442
            .500000000 7.20343117 7.18143773 .021993442
 45.7088190 .500000000 7.18569037 7.16414224 .021192777
            .500000000 7.18569037 7.16414224 .021192777
 47.8630092 .500000000 7.16750651 7.14669604 .020411502
            .500000000 7.16750651 7.14669604 .020411502
 50.1187234 .500000000 7.14870254 7.12905847 .019644069
            .500000000 7.14870254 7.12905847 .019644069
 52.4807460 .500000000 7.12948459 7.11058966 .018894932
            .500000000 7.12948459 7.11058966 .018894932
 54.9540874 .500000000 7.10967249 7.09125045 .018164096
            .500000000 7.10967249 7.09125045 .018164096
 57.5439937 .500000000 7.08937974 7.07156501 .017451709
            .500000000 7.08937974 7.07156501 .017451709
 60.2559586 .500000000 7.06857070 7.05181500 .016755699
            .500000000 7.06857070 7.05181500 .016755699
 63.0957344 .500000000 7.04721943 7.03114290 .016076524
            .500000000 7.04721943 7.03114290 .016076524
 66.0693448 .500000000 7.02547024 7.00957689 .015414164
            .500000000 7.02547024 7.00957689 .015414164
 69.1830971 .500000000 7.00291249 6.98814333 .014769162
            .500000000 7.00291249 6.98814333 .014769162
 72.4435960 .500000000 6.98021731 6.96607658 .014140729
            .500000000 6.98021731 6.96607658 .014140729
 75.8577575 .500000000 6.95680402 6.94297037 .013529537
            .500000000 6.95680402 6.94297037 .013529537
 79.4328235 .500000000 6.93274418 6.91970510 .012935142
            .500000000 6.93274418 6.91970510 .012935142
 83.1763771 .500000000 6.90855906 6.89620179 .012357275
            .500000000 6.90855906 6.89620179 .012357275
 87.0963590 .500000000 6.88372524 6.87159329 .011795702
            .500000000 6.88372524 6.87159329 .011795702
 91.2010839 .500000000 6.85817560 6.84692477 .011250833
            .500000000 6.85817560 6.84692477 .011250833
 95.4992586 .500000000 6.83274266 6.82201378 .010728875
            .500000000 6.83274266 6.82201378 .010728875
 100.000000 .500000000 6.80632439 6.79594692 .010213812
            .500000000 6.80632439 6.79594692 .010213812
 104.712855 .500000000 6.77962851 6.76991110 .009717404
            .500000000 6.77962851 6.76991110 .009717404
 109.647820 .500000000 6.75266383 6.74342613 .009237693
            .500000000 6.75266383 6.74342613 .009237693
 114.815362 .500000000 6.72488058 6.71605150 .008773702
            .500000000 6.72488058 6.71605150 .008773702
 120.226443 .500000000 6.69730468 6.68897958 .008325104
            .500000000 6.69730468 6.68897958 .008325104
 125.892541 .500000000 6.66897664 6.66087415 .007892266
            .500000000 6.66897664 6.66087415 .007892266
 131.825674 .500000000 6.64040066 6.63292536 .007475297
            .500000000 6.64040066 6.63292536 .007475297
 138.038426 .500000000 6.61161947 6.60433827 .007073684
            .500000000 6.61161947 6.60433827 .007073684
 144.543977 .500000000 6.58219772 6.57551032 .006687406
            .500000000 6.58219772 6.57551032 .006687406
 151.356125 .500000000 6.55303850 6.54663029 .006316191
            .500000000 6.55303850 6.54663029 .006316191
 158.489319 .500000000 6.52310898 6.51714894 .005960041
            .500000000 6.52310898 6.51714894 .005960041
 165.958691 .500000000 6.49346523 6.48784662 .005618610
            .500000000 6.49346523 6.48784662 .005618610
 173.780083 .500000000 6.46314534 6.45782494 .005291403
            .500000000 6.46314534 6.45782494 .005291403
 181.970086 .500000000 6.43324226 6.42826401 .004978249
            .500000000 6.43324226 6.42826401 .004978249
 190.546072 .500000000 6.40262507 6.39794555 .004679523
            .500000000 6.40262507 6.39794555 .004679523
 199.526231 .500000000 6.37251669 6.36807487 .004394027
            .500000000 6.37251669 6.36807487 .004394027
 208.929613 .500000000 6.34177802 6.33765580 .004122221
            .500000000 6.34177802 6.33765580 .004122221
 218.776162 .500000000 6.31153598 6.30757067 .003863199
            .500000000 6.31153598 6.30757067 .003863199
 229.086765 .500000000 6.28084930 6.27723211 .003617195
            .500000000 6.28084930 6.27723211 .003617195
 239.883292 .500000000 6.25053973 6.24698570 .003383521
            .500000000 6.25053973 6.24698570 .003383521
 251.188643 .500000000 6.22013960 6.21697616 .003163440
            .500000000 6.22013960 6.21697616 .003163440
 263.026799 .500000000 6.18972787 6.18676292 .002953387
            .500000000 6.18972787 6.18676292 .002953387
 275.422870 .500000000 6.15972505 6.15697037 .002754682
            .500000000 6.15972505 6.15697037 .002754682
 288.403150 .500000000 6.12947683 6.12686417 .002566968
            .500000000 6.12947683 6.12686417 .002566968
 301.995172 .500000000 6.09987290 6.09728902 .002389852
            .500000000 6.09987290 6.09728902 .002389852
 316.227766 .500000000 6.06997168 6.06774847 .002223216
            .500000000 6.06997168 6.06774847 .002223216
 331.131121 .500000000 6.04069109 6.03839945 .002066428
            .500000000 6.04069109 6.03839945 .002066428
 346.736850 .500000000 6.01151008 6.00959104 .001919035
            .500000000 6.01151008 6.00959104 .001919035
 363.078055 .500000000 5.98244377 5.98066320 .001780572
            .500000000 5.98244377 5.98066320 .001780572
 380.189396 .500000000 5.95406018 5.95240902 .001651155
            .500000000 5.95406018 5.95240902 .001651155
 398.107171 .500000000 5.92564042 5.92411060 .001529822
            .500000000 5.92564042 5.92411060 .001529822
 416.869383 .500000000 5.89785179 5.89625494 .001416590
            .500000000 5.89785179 5.89625494 .001416590
 436.515832 .500000000 5.87033706 5.86902626 .001310805
            .500000000 5.87033706 5.86902626 .001310805
 457.088190 .500000000 5.84294976 5.84169233 .001212356
            .500000000 5.84294976 5.84169233 .001212356
 478.630092 .500000000 5.81636183 5.81524117 .001120656
            .500000000 5.81636183 5.81524117 .001120656
 501.187234 .500000000 5.78980603 5.78877057 .001035454
            .500000000 5.78980603 5.78877057 .001035454
 524.807460 .500000000 5.76391297 5.76292637 9.56410E-4
            .500000000 5.76391297 5.76292637 9.56410E-4
 549.540874 .500000000 5.73845868 5.73757550 8.83177E-4
            .500000000 5.73845868 5.73757550 8.83177E-4
 575.439937 .500000000 5.71318426 5.71236885 8.15416E-4
            .500000000 5.71318426 5.71236885 8.15416E-4
 602.559586 .500000000 5.68886572 5.68803942 7.53165E-4
            .500000000 5.68886572 5.68803942 7.53165E-4
 630.957344 .500000000 5.66442144 5.66370909 6.95414E-4
            .500000000 5.66442144 5.66370909 6.95414E-4
 660.693448 .500000000 5.64081516 5.63999356 6.42285E-4
            .500000000 5.64081516 5.63999356 6.42285E-4
 691.830971 .500000000 5.61744674 5.61685331 5.93430E-4
            .500000000 5.61744674 5.61685331 5.93430E-4
 724.435960 .500000000 5.59441238 5.59384057 5.48573E-4
            .500000000 5.59441238 5.59384057 5.48573E-4
 758.577575 .500000000 5.57214742 5.57163979 5.07624E-4
            .500000000 5.57214742 5.57163979 5.07624E-4
 794.328235 .500000000 5.54992579 5.54945554 4.70242E-4
            .500000000 5.54992579 5.54945554 4.70242E-4
 831.763771 .500000000 5.52855814 5.52796940 4.36231E-4
            .500000000 5.52855814 5.52796940 4.36231E-4
 870.963590 .500000000 5.50729939 5.50689397 4.05425E-4
            .500000000 5.50729939 5.50689397 4.05425E-4
 912.010839 .500000000 5.48657110 5.48599587 3.77672E-4
            .500000000 5.48657110 5.48599587 3.77672E-4
 954.992586 .500000000 5.46620126 5.46584850 3.52762E-4
            .500000000 5.46620126 5.46584850 3.52762E-4
 1000.00000 .500000000 5.44605978 5.44563141 3.30616E-4
            .500000000 5.44605978 5.44563141 3.30616E-4
 1047.12855 .500000000 5.42649266 5.42618153 3.11132E-4
            .500000000 5.42649266 5.42618153 3.11132E-4
 1096.47820 .500000000 5.40695856 5.40662664 2.94246E-4
            .500000000 5.40695856 5.40662664 2.94246E-4
 1148.15362 .500000000 5.38804649 5.38776656 2.79929E-4
            .500000000 5.38804649 5.38776656 2.79929E-4
 1202.26443 .500000000 5.36904906 5.36878084 2.68212E-4
            .500000000 5.36904906 5.36878084 2.68212E-4
 1258.92541 .500000000 5.35063083 5.35037163 2.59197E-4
            .500000000 5.35063083 5.35037163 2.59197E-4
 1318.25674 .500000000 5.33196367 5.33167375 2.53072E-4
            .500000000 5.33196367 5.33167375 2.53072E-4
 1380.38426 .500000000 5.31380603 5.31355589 2.50136E-4
            .500000000 5.31380603 5.31355589 2.50136E-4
 1445.43977 .500000000 5.29529543 5.29487762 2.50920E-4
            .500000000 5.29529543 5.29487762 2.50920E-4
 1513.56125 .500000000 5.27691731 5.27666112 2.56188E-4
            .500000000 5.27691731 5.27666112 2.56188E-4
 1584.89319 .500000000 5.25821048 5.25782439 2.67182E-4
            .500000000 5.25821048 5.25782439 2.67182E-4
 1659.58691 .500000000 5.23885452 5.23818347 2.85895E-4
            .500000000 5.23885452 5.23818347 2.85895E-4
 1737.80083 .500000000 5.21854624 5.21788570 3.15620E-4
            .500000000 5.21854624 5.21788570 3.15620E-4
 1819.70086 .500000000 5.19701356 5.19665146 3.62100E-4
            .500000000 5.19701356 5.19665146 3.62100E-4
 1905.46072 .500000000 5.17422946 5.17378812 4.35919E-4
            .500000000 5.17422946 5.17378812 4.35919E-4
 1995.26231 .500000000 5.14815597 5.14759742 5.58555E-4
            .500000000 5.14815597 5.14759742 5.58555E-4
 2089.29613 .500000000 5.11678524 5.11600528 7.79958E-4
            .500000000 5.11678524 5.11600528 7.79958E-4
 2187.76162 .500000000 5.07508383 5.07384668 .001237148
            .500000000 5.07508383 5.07384668 .001237148
 2290.86765 .500000000 4.98343112 4.98040549 .003025628
            .500000000 5.03440877 5.03253778 .001857959
 2398.83292 .369446622 4.76026460 4.74737014 .012894458
            .630553378 4.91427057 4.90906722 .005193706
 2511.88643 .830193947 4.60153216 4.37983392 .221698218
            .169806053 136.904006 109.186467 27.7173643
 2630.26799 .792365918 5.68756323 5.66806173 .019489019
            .207634082 7.01291407 6.84083315 .172076893
 2754.22870 .500000000 5.32439047 5.32168195 .002708523
            .500000000 5.42294485 5.41721893 .005725922
 2884.03150 .500000000 5.24126439 5.24001964 .001244747
            .500000000 5.28317839 5.28126419 .001914195
 3019.95172 .500000000 5.20530239 5.20441188 8.72929E-4
            .500000000 5.20530239 5.20441188 8.72929E-4
 3162.27766 .500000000 5.16688610 5.16607206 8.14049E-4
            .500000000 5.16688610 5.16607206 8.14049E-4
 3311.31121 .958376241 5.24714163 5.22585533 .021286307
            .041623759 55.9217962 46.3237316 9.59806453
 3467.36850 .500000000 5.11226904 5.11173370 4.90701E-4
            .500000000 5.11226904 5.11173370 4.90701E-4
 3630.78055 .500000000 5.08576198 5.08550715 2.54831E-4
            .500000000 5.08576198 5.08550715 2.54831E-4
 3801.89396 .500000000 5.06167667 5.06148523 1.91441E-4
            .500000000 5.06167667 5.06148523 1.91441E-4
 3981.07171 .500000000 5.03742383 5.03722746 1.58648E-4
            .500000000 5.03742383 5.03722746 1.58648E-4
 4168.69383 .500000000 5.01282663 5.01240963 1.40012E-4
            .500000000 5.01282663 5.01240963 1.40012E-4
 4365.15832 .500000000 4.98707021 4.98654487 1.35859E-4
            .500000000 4.98707021 4.98654487 1.35859E-4
 4570.88190 .976147740 4.97433166 4.96127823 .012809863
            .023852260 10.2464579 5.48919362 4.75726371
 4786.30092 .500000000 4.92984914 4.92883506 8.96171E-4
            .500000000 4.92984914 4.92883506 8.96171E-4
 5011.87234 .500000000 4.89443660 4.89431061 1.25998E-4
            .500000000 4.89443660 4.89431061 1.25998E-4
 5248.07460 .500000000 4.85444857 4.85430929 1.39283E-4
            .500000000 4.85444857 4.85430929 1.39283E-4
 5495.40874 .976284192 4.82888807 4.81214640 .016710274
            .023715808 15.0186379 7.18827445 7.83036342
 5754.39937 .500000000 4.72552869 4.72539397 1.34680E-4
            .500000000 4.76612960 4.76545068 5.95057E-4
 6025.59586 .500000000 4.63736002 4.63714553 1.88625E-4
            .500000000 4.69209309 4.69191412 1.74969E-4
 6309.57344 .500000000 4.50762974 4.50736548 2.64263E-4
            .500000000 4.58963857 4.58942771 2.10867E-4
 6606.93448 .446657291 4.28753746 4.28703325 5.04213E-4
            .553342709 4.42557289 4.42523915 3.33740E-4
 6918.30971 .563415369 3.99129946 3.98932309 .001974166
            .436584631 4.17139119 4.17073180 6.39761E-4
 7244.35960 .602558378 5.50271874 5.40066072 .102058013
            .397441622 54.1212257 53.9588745 .162351285
 7585.77575 .720981283 7.90545405 7.90369427 .001759779
            .279018717 15.4317911 15.4214524 .010338709
 7943.28235 .599706371 6.01942866 6.01901404 4.14624E-4
            .400293629 6.58592183 6.58519172 7.30118E-4
 8317.63771 .557720499 5.56981762 5.56954901 2.68611E-4
            .442279501 5.77338244 5.77306785 3.14595E-4
 8709.63590 .540503579 5.34783907 5.34744678 3.92291E-4
            .459496421 5.45976758 5.45950150 2.66078E-4
 9120.10839 .957231295 5.45469186 5.44398699 .010704878
            .042768705 59.6826605 57.1266108 2.55604977
 9549.92586 .960882560 5.22437013 5.22000125 .004368882
            .039117440 29.4014841 28.7610433 .640440812
 10000.0000 .469304208 4.86335243 4.86288510 4.67332E-4
            .530695792 4.96769251 4.96725040 4.42113E-4
 10471.2855 .424197327 4.57462396 4.57350335 .001109950
            .575802673 4.76150676 4.76087939 6.20052E-4
 10964.7820 .573443961 4.04917896 4.04159543 .007564834
            .426556039 4.45191591 4.44513843 .006777464
 11481.5362 .773624969 8.13336205 8.11248839 .020873654
            .226375031 48.1357011 47.7320679 .403633155
 12022.6443 .633471235 5.74555188 5.74455898 9.92907E-4
            .366528765 6.30134773 6.29930444 .002043286
 12589.2541 .919914857 5.80977406 5.80271080 .007063261
            .080085143 29.9693606 29.5590633 .410297313
 13182.5674 .953218984 4.84506988 4.84186902 .003200862
            .046781016 21.5571407 20.8282109 .728929788
 13803.8426 .954551441 5.35103070 5.34236533 .008665377
            .045448559 23.8422093 22.8854033 .956806037
 14454.3977 .401863254 4.03947289 4.03771851 .001754373
            .598136746 4.69975881 4.69907623 6.71806E-4
 15135.6125 .804259517 6.95983585 6.95789787 .001937978
            .195740483 28.7061211 28.6726276 .033493513
 15848.9319 .984965697 5.75035157 5.74696378 .003387788
            .015034303 18.2716745 13.6212363 4.65043824
 16595.8691 .984839653 5.46025829 5.45151680 .008741489
            .015160347 17.4488758 12.9485023 4.50037356
 17378.0083 .500000000 5.27121736 5.27112083 9.65287E-5
            .500000000 5.33211399 5.33198213 1.31858E-4
 18197.0086 .986452990 5.22364307 5.21820455 .005419231
            .013547010 16.2964025 12.1443423 4.15206021
 19054.6072 .500000000 5.13934530 5.13916506 1.71704E-4
            .500000000 5.13934530 5.13916506 1.71704E-4
 19952.6231 .941057904 5.29025886 5.28768053 .002578339
            .058942096 21.7173406 21.5296133 .187727330
 20892.9613 .500000000 4.99567513 4.99546519 2.09944E-4
            .500000000 5.03514133 5.03494109 2.00249E-4
 21877.6162 .886684391 5.00770629 5.00701859 6.87707E-4
            .113315609 5.46228923 5.45684548 .005443751
 22908.6765 .911579172 5.25973601 5.24881352 .010922489
            .088420828 52.2976079 51.6252541 .672353816
 23988.3292 .861153775 5.61345787 5.60274325 .010714625
            .138846225 57.6032890 57.1250730 .478215968
 25118.8643 .384864466 3.63809164 3.63668189 .001409729
            .615135534 4.42877931 4.42781013 9.40649E-4
 26302.6799 .806206863 5.80993178 5.80737098 .002560795
            .193793137 19.0372682 18.9788804 .058387860
 27542.2870 .976579469 4.69550232 4.69293334 .002568973
            .023420531 21.4731504 20.6465135 .826636859
 28840.3150 .631154738 6.30740448 6.29498382 .012420653
            .368845262 37.5017214 37.3536204 .148100978
 30199.5172 .823365607 6.22944110 6.22919834 2.42767E-4
            .176634393 8.72484888 8.71227795 .012570937
 31622.7766 .963192773 5.76045059 5.75885247 .001598117
            .036807227 32.2652686 32.0399247 .225343810
 33113.1121 .913627708 5.41756510 5.41703118 5.33919E-4
            .086372292 7.26876387 7.26517027 .003593599
 34673.6850 .812352265 6.10223165 6.09844669 .003784963
            .187647735 30.9590885 30.9067864 .052302095
 36307.8055 .071638981 3.10373877 3.09822502 .005513755
            .928361019 4.80567646 4.80547192 2.04533E-4
 38018.9396 .873354436 4.82062239 4.81974849 8.21507E-4
            .126645564 19.2215632 18.9612861 .260277075
 39810.7171 .947973634 4.28858081 4.28431683 .004249132
            .052026366 19.9212282 19.7378186 .183409664
 41686.9383 .546984878 3.02869180 3.02495591 .003735886
            .453015122 14.4487947 14.4251502 .023644505
 43651.5832 .982261719 5.26295313 5.26238433 5.68804E-4
            .017738281 9.40379581 9.11064698 .293148825
 45708.8190 .491046769 4.76938245 4.76927796 1.04486E-4
            .508953231 4.96231346 4.96222342 9.00376E-5
 47863.0092 .295623308 4.15706970 4.15667941 3.90291E-4
            .704376692 4.56856924 4.56842176 1.47478E-4
 50118.7234 .831400249 4.40252123 4.38884114 .013680091
            .168599751 21.5217456 21.3334077 .188337907
 52480.7460 .700637500 7.10446843 7.10245619 .002012240
            .299362500 18.4808412 18.4650694 .015771837
 54954.0874 .725753609 5.75521558 5.74526764 .009932978
            .274246391 22.1026798 21.9790568 .123616291
 57543.9937 .644206979 5.57932858 5.57894257 3.86005E-4
            .355793021 5.95093443 5.95043576 4.98673E-4
 60255.9586 .803782011 6.17219087 6.16505513 .007135735
            .196217989 34.7427848 34.5858085 .156976354
 63095.7344 .724599173 4.40416672 4.40098337 .003183349
            .275400827 15.0160821 14.9760726 .040009566
 66069.3448 .653077667 3.87333198 3.87006722 .003264758
            .346922333 21.9880993 21.9387142 .049385131
 69183.0971 .885987241 5.53757422 5.53463569 .002938537
            .114012759 18.9608750 18.8372489 .123626096
 72443.5960 .866798983 5.66362028 5.65922994 .004390339
            .133201017 21.9027339 21.7977097 .105024199
 75857.7575 .574605932 5.41713392 5.40732217 .009811750
            .425394068 19.6168260 19.5975072 .019318794
 79432.8235 .453583291 2.60950123 2.60879378 7.07448E-4
            .546416709 5.59816496 5.59493010 .003234863
 83176.3771 .742837236 7.36336019 7.35710851 .006251676
            .257162764 26.4307113 26.3253188 .105392469
 87096.3590 .883590805 6.00923570 6.00598522 .003250480
            .116409195 25.6094631 25.5330939 .076369139
 91201.0839 .847712276 5.61225621 5.60966213 .002594085
            .152287724 17.6190639 17.5497767 .069287121
 95499.2586 .846245596 4.60908270 4.60717979 .001902911
            .153754404 9.91394897 9.86978172 .044167250
 100000.000 .867226824 4.43193834 4.42598577 .005952569
            .132773176 14.3159746 14.1586111 .157363526
 104712.855 .951400000 4.82120903 4.81648036 .004728670
            .048600000 22.5563023 22.3761607 .180141589
 109647.820 .588408268 4.00458919 3.99853408 .006055113
            .411591732 14.9984717 14.9766768 .021794949
 114815.362 .332918704 4.69517871 4.69122811 .003950599
            .667081296 16.0964827 16.0748857 .021597024
 120226.443 .505538510 9.75600388 9.75141457 .004589306
            .494461490 25.8691925 25.8480049 .021187573
 125892.541 .649440922 5.22920605 5.22356201 .005644044
            .350559078 14.0581157 14.0403829 .017732825
 131825.674 .757568262 7.15081216 7.14535964 .005452517
            .242431738 25.1816238 25.1240486 .057575192
 138038.426 .616222916 9.65635253 9.64129079 .015061742
            .383777084 42.4015060 42.3644490 .037056930
 144543.977 .774082056 5.89427334 5.89026444 .004008898
            .225917944 14.4078503 14.3678887 .039961579
 151356.125 .559671494 5.96285215 5.95694480 .005907346
            .440328506 13.5240151 13.5123514 .011663749
 158489.319 .599655383 7.64623967 7.64387050 .002369162
            .400344617 22.8858583 22.8705780 .015280322
 165958.691 .717854607 6.74007474 6.73426838 .005806363
            .282145393 16.6181127 16.5866600 .031452623
 173780.083 .612726702 5.51786918 5.51437796 .003491216
            .387273298 21.4732514 21.4452970 .027954465
 181970.086 .651627168 7.45134448 7.44475223 .006592225
            .348372832 16.9804529 16.9607907 .019581820
 190546.072 .584519314 8.50032242 8.49615702 .004165402
            .415480686 20.4636880 20.4503608 .013327280
 199526.231 .638237109 7.45100924 7.44781478 .003194460
            .361762891 12.8720476 12.8621987 .009848966
 208929.613 .873794939 6.48581368 6.48284534 .002968340
            .126205061 12.7302765 12.7218385 .008438042
 218776.162 .726332809 5.73110301 5.72759519 .003507821
            .273667191 9.99192070 9.98671968 .005201022
 229086.765 .599428513 8.15681553 8.15485104 .001964489
            .400571487 15.6645042 15.6580518 .006452475
 239883.292 .637723982 6.25883062 6.25607204 .002758584
            .362276018 8.72600044 8.72084442 .005156018
 251188.643 .802318606 6.65552042 6.65332361 .002196809
            .197681394 15.0160631 15.0090470 .007016165
 263026.799 .826651581 6.97059331 6.97031667 2.76637E-4
            .173348419 14.8410524 14.8354229 .005629428
 275422.870 .500000000 1.29926574 1.29917387 9.18651E-5
            .500000000 1.29926574 1.29917387 9.18651E-5
 288403.150 .500000000 0.0        0.0        0.0       
            .500000000 0.0        0.0        0.0       
 301995.172 .500000000 0.0        0.0        0.0       
            .500000000 0.0        0.0        0.0       
 316227.766 .500000000 0.0        0.0        0.0       
            .500000000 0.0        0.0        0.0       
 331131.121 .500000000 0.0        0.0        0.0       
            .500000000 0.0        0.0        0.0       
 346736.850 .500000000 0.0        0.0        0.0       
            .500000000 0.0        0.0        0.0       
 363078.055 .500000000 0.0        0.0        0.0       
            .500000000 0.0        0.0        0.0       
 380189.396 .500000000 0.0        0.0        0.0       
            .500000000 0.0        0.0        0.0       
 398107.171 .500000000 0.0        0.0        0.0       
            .500000000 0.0        0.0        0.0       
 416869.383 .500000000 0.0        0.0        0.0       
            .500000000 0.0        0.0        0.0       
 436515.832 .500000000 0.0        0.0        0.0       
            .500000000 0.0        0.0        0.0       
 457088.190 .500000000 0.0        0.0        0.0       
            .500000000 0.0        0.0        0.0       
 478630.092 .500000000 0.0        0.0        0.0       
            .500000000 0.0        0.0        0.0       
 501187.234 .500000000 0.0        0.0        0.0       
            .500000000 0.0        0.0        0.0       
 524807.460 .500000000 0.0        0.0        0.0       
            .500000000 0.0        0.0        0.0       
 549540.874 .500000000 0.0        0.0        0.0       
            .500000000 0.0        0.0        0.0       
 575439.937 .500000000 0.0        0.0        0.0       
            .500000000 0.0        0.0        0.0       
 602559.586 .500000000 0.0        0.0        0.0       
            .500000000 0.0        0.0        0.0       
 630957.344 .500000000 0.0        0.0        0.0       
            .500000000 0.0        0.0        0.0       
 660693.448 .500000000 0.0        0.0        0.0       
            .500000000 0.0        0.0        0.0       
 691830.971 .500000000 0.0        0.0        0.0       
            .500000000 0.0        0.0        0.0       
 724435.960 .500000000 0.0        0.0        0.0       
            .500000000 0.0        0.0        0.0       
 758577.575 .500000000 0.0        0.0        0.0       
            .500000000 0.0        0.0        0.0       
 794328.235 .500000000 0.0        0.0        0.0       
            .500000000 0.0        0.0        0.0       
 831763.771 .500000000 0.0        0.0        0.0       
            .500000000 0.0        0.0        0.0       
 870963.590 .500000000 0.0        0.0        0.0       
            .500000000 0.0        0.0        0.0       
 912010.839 .500000000 0.0        0.0        0.0       
            .500000000 0.0        0.0        0.0       
 954992.586 .500000000 0.0        0.0        0.0       
            .500000000 0.0        0.0        0.0       
 1000000.00 .500000000 0.0        0.0        0.0       
            .500000000 0.0        0.0        0.0       
 1047128.55 .500000000 0.0        0.0        0.0       
            .500000000 0.0        0.0        0.0       
 1096478.20 .500000000 0.0        0.0        0.0       
            .500000000 0.0        0.0        0.0       
 1148153.62 .500000000 0.0        0.0        0.0       
            .500000000 0.0        0.0        0.0       
 1202264.43 .500000000 0.0        0.0        0.0       
            .500000000 0.0        0.0        0.0       
 1258925.41 .500000000 0.0        0.0        0.0       
            .500000000 0.0        0.0        0.0       
 1318256.74 .500000000 0.0        0.0        0.0       
            .500000000 0.0        0.0        0.0       
 1380384.26 .500000000 0.0        0.0        0.0       
            .500000000 0.0        0.0        0.0       
 1445439.77 .500000000 0.0        0.0        0.0       
            .500000000 0.0        0.0        0.0       
 1513561.25 .500000000 0.0        0.0        0.0       
            .500000000 0.0        0.0        0.0       
 1584893.19 .500000000 0.0        0.0        0.0       
            .500000000 0.0        0.0        0.0       
 1659586.91 .500000000 0.0        0.0        0.0       
            .500000000 0.0        0.0        0.0       
 1737800.83 .500000000 0.0        0.0        0.0       
            .500000000 0.0        0.0        0.0       
 1819700.86 .500000000 0.0        0.0        0.0       
            .500000000 0.0        0.0        0.0       
 1905460.72 .500000000 0.0        0.0        0.0       
            .500000000 0.0        0.0        0.0       
 1995262.31 .500000000 0.0        0.0        0.0       
            .500000000 0.0        0.0        0.0       
 2089296.13 .500000000 0.0        0.0        0.0       
            .500000000 0.0        0.0        0.0       
 2187761.62 .500000000 0.0        0.0        0.0       
            .500000000 0.0        0.0        0.0       
 2290867.65 .500000000 0.0        0.0        0.0       
            .500000000 0.0        0.0        0.0       
 2398832.92 .500000000 0.0        0.0        0.0       
            .500000000 0.0        0.0        0.0       
 2511886.43 .500000000 0.0        0.0        0.0       
            .500000000 0.0        0.0        0.0       
 2630267.99 .500000000 0.0        0.0        0.0       
            .500000000 0.0        0.0        0.0       
 2754228.70 .500000000 0.0        0.0        0.0       
            .500000000 0.0        0.0        0.0       
 2884031.50 .500000000 0.0        0.0        0.0       
            .500000000 0.0        0.0        0.0       
 3019951.72 .500000000 0.0        0.0        0.0       
            .500000000 0.0        0.0        0.0       
 3162277.66 .500000000 0.0        0.0        0.0       
            .500000000 0.0        0.0        0.0       
 3311311.21 .500000000 0.0        0.0        0.0       
            .500000000 0.0        0.0        0.0       
 3467368.50 .500000000 0.0        0.0        0.0       
            .500000000 0.0        0.0        0.0       
 3630780.55 .500000000 0.0        0.0        0.0       
            .500000000 0.0        0.0        0.0       
 3801893.96 .500000000 0.0        0.0        0.0       
            .500000000 0.0        0.0        0.0       
 3981071.71 .500000000 0.0        0.0        0.0       
            .500000000 0.0        0.0        0.0       
 4168693.83 .500000000 0.0        0.0        0.0       
            .500000000 0.0        0.0        0.0       
 4365158.32 .500000000 0.0        0.0        0.0       
            .500000000 0.0        0.0        0.0       
 4570881.90 .500000000 0.0        0.0        0.0       
            .500000000 0.0        0.0        0.0       
 4786300.92 .500000000 0.0        0.0        0.0       
            .500000000 0.0        0.0        0.0       
 5011872.34 .500000000 0.0        0.0        0.0       
            .500000000 0.0        0.0        0.0       
 5248074.60 .500000000 0.0        0.0        0.0       
            .500000000 0.0        0.0        0.0       
 5495408.74 .500000000 0.0        0.0        0.0       
            .500000000 0.0        0.0        0.0       
 5754399.37 .500000000 0.0        0.0        0.0       
            .500000000 0.0        0.0        0.0       
 6025595.86 .500000000 0.0        0.0        0.0       
            .500000000 0.0        0.0        0.0       
 6309573.44 .500000000 0.0        0.0        0.0       
            .500000000 0.0        0.0        0.0       
 6606934.48 .500000000 0.0        0.0        0.0       
            .500000000 0.0        0.0        0.0       
 6918309.71 .500000000 0.0        0.0        0.0       
            .500000000 0.0        0.0        0.0       
 7244359.60 .500000000 0.0        0.0        0.0       
            .500000000 0.0        0.0        0.0       
 7585775.75 .500000000 0.0        0.0        0.0       
            .500000000 0.0        0.0        0.0       
 7943282.35 .500000000 0.0        0.0        0.0       
            .500000000 0.0        0.0        0.0       
 8317637.71 .500000000 0.0        0.0        0.0       
            .500000000 0.0        0.0        0.0       
 8709635.90 .500000000 0.0        0.0        0.0       
            .500000000 0.0        0.0        0.0       
 9120108.39 .500000000 0.0        0.0        0.0       
            .500000000 0.0        0.0        0.0       
 9549925.86 .500000000 0.0        0.0        0.0       
            .500000000 0.0        0.0        0.0       
 10000000.0 .500000000 0.0        0.0        0.0       
            .500000000 0.0        0.0        0.0       
 10471285.5 .500000000 0.0        0.0        0.0       
            .500000000 0.0        0.0        0.0       
 10964782.0 .500000000 0.0        0.0        0.0       
            .500000000 0.0        0.0        0.0       
 11481536.2 .500000000 0.0        0.0        0.0       
            .500000000 0.0        0.0        0.0       
 12022644.3 .500000000 0.0        0.0        0.0       
            .500000000 0.0        0.0        0.0       
 12589254.1 .500000000 0.0        0.0        0.0       
            .500000000 0.0        0.0        0.0       
 13182567.4 .500000000 0.0        0.0        0.0       
            .500000000 0.0        0.0        0.0       
 13803842.6 .500000000 0.0        0.0        0.0       
            .500000000 0.0        0.0        0.0       
 14454397.7 .500000000 0.0        0.0        0.0       
            .500000000 0.0        0.0        0.0       
 15135612.5 .500000000 0.0        0.0        0.0       
            .500000000 0.0        0.0        0.0       
 15848931.9 .500000000 0.0        0.0        0.0       
            .500000000 0.0        0.0        0.0       
 16595869.1 .500000000 0.0        0.0        0.0       
            .500000000 0.0        0.0        0.0       
 17378008.3 .500000000 0.0        0.0        0.0       
            .500000000 0.0        0.0        0.0       
 18197008.6 .500000000 0.0        0.0        0.0       
            .500000000 0.0        0.0        0.0       
 19054607.2 .500000000 0.0        0.0        0.0       
            .500000000 0.0        0.0        0.0       
 19952623.1 .500000000 0.0        0.0        0.0       
            .500000000 0.0        0.0        0.0       
 20892961.3 .500000000 0.0        0.0        0.0       
            .500000000 0.0        0.0        0.0       
 21877616.2 .500000000 0.0        0.0        0.0       
            .500000000 0.0        0.0        0.0       
 22908676.5 .500000000 0.0        0.0        0.0       
            .500000000 0.0        0.0        0.0       
 23988329.2 .500000000 0.0        0.0        0.0       
            .500000000 0.0        0.0        0.0       
 25118864.3 .500000000 0.0        0.0        0.0       
            .500000000 0.0        0.0        0.0       
 26302679.9 .500000000 0.0        0.0        0.0       
            .500000000 0.0        0.0        0.0       
 27542287.0 .500000000 0.0        0.0        0.0       
            .500000000 0.0        0.0        0.0       
 28840315.0 .500000000 0.0        0.0        0.0       
            .500000000 0.0        0.0        0.0       
 30199517.2 .500000000 0.0        0.0        0.0       
            .500000000 0.0        0.0        0.0       
 31622776.6 .500000000 0.0        0.0        0.0       
            .500000000 0.0        0.0        0.0       
 33113112.1 .500000000 0.0        0.0        0.0       
            .500000000 0.0        0.0        0.0       
 34673685.0 .500000000 0.0        0.0        0.0       
            .500000000 0.0        0.0        0.0       
 36307805.5 .500000000 0.0        0.0        0.0       
            .500000000 0.0        0.0        0.0       
 38018939.6 .500000000 0.0        0.0        0.0       
            .500000000 0.0        0.0        0.0       
 39810717.1 .500000000 0.0        0.0        0.0       
            .500000000 0.0        0.0        0.0       
 41686938.3 .500000000 0.0        0.0        0.0       
            .500000000 0.0        0.0        0.0       
 43651583.2 .500000000 0.0        0.0        0.0       
            .500000000 0.0        0.0        0.0       
 45708819.0 .500000000 0.0        0.0        0.0       
            .500000000 0.0        0.0        0.0       
 47863009.2 .500000000 0.0        0.0        0.0       
            .500000000 0.0        0.0        0.0       
 50118723.4 .500000000 0.0        0.0        0.0       
            .500000000 0.0        0.0        0.0       
 52480746.0 .500000000 0.0        0.0        0.0       
            .500000000 0.0        0.0        0.0       
 54954087.4 .500000000 0.0        0.0        0.0       
            .500000000 0.0        0.0        0.0       
 57543993.7 .500000000 0.0        0.0        0.0       
            .500000000 0.0        0.0        0.0       
 60255958.6 .500000000 0.0        0.0        0.0       
            .500000000 0.0        0.0        0.0       
 63095734.4 .500000000 0.0        0.0        0.0       
            .500000000 0.0        0.0        0.0       
 66069344.8 .500000000 0.0        0.0        0.0       
            .500000000 0.0        0.0        0.0       
 69183097.1 .500000000 0.0        0.0        0.0       
            .500000000 0.0        0.0        0.0       
 72443596.0 .500000000 0.0        0.0        0.0       
            .500000000 0.0        0.0        0.0       
 75857757.5 .500000000 0.0        0.0        0.0       
            .500000000 0.0        0.0        0.0       
 79432823.5 .500000000 0.0        0.0        0.0       
            .500000000 0.0        0.0        0.0       
 83176377.1 .500000000 0.0        0.0        0.0       
            .500000000 0.0        0.0        0.0       
 87096359.0 .500000000 0.0        0.0        0.0       
            .500000000 0.0        0.0        0.0       
 91201083.9 .500000000 0.0        0.0        0.0       
            .500000000 0.0        0.0        0.0       
 95499258.6 .500000000 0.0        0.0        0.0       
            .500000000 0.0        0.0        0.0       
 100000000. .500000000 0.0        0.0        0.0       
            .500000000 0.0        0.0        0.0       
 104712855. .500000000 0.0        0.0        0.0       
            .500000000 0.0        0.0        0.0       
 109647820. .500000000 0.0        0.0        0.0       
            .500000000 0.0        0.0        0.0       
 114815362. .500000000 0.0        0.0        0.0       
            .500000000 0.0        0.0        0.0       
 120226443. .500000000 0.0        0.0        0.0       
            .500000000 0.0        0.0        0.0       
 125892541. .500000000 0.0        0.0        0.0       
            .500000000 0.0        0.0        0.0       
 131825674. .500000000 0.0        0.0        0.0       
            .500000000 0.0        0.0        0.0       
 138038426. .500000000 0.0        0.0        0.0       
            .500000000 0.0        0.0        0.0       
 144543977. .500000000 0.0        0.0        0.0       
            .500000000 0.0        0.0        0.0       
 151356125. .500000000 0.0        0.0        0.0       
            .500000000 0.0        0.0        0.0       
 158489319. .500000000 0.0        0.0        0.0       
            .500000000 0.0        0.0        0.0       
 165958691. .500000000 0.0        0.0        0.0       
            .500000000 0.0        0.0        0.0       
 173780083. .500000000 0.0        0.0        0.0       
            .500000000 0.0        0.0        0.0       
 181970086. .500000000 0.0        0.0        0.0       
            .500000000 0.0        0.0        0.0       
 190546072. .500000000 0.0        0.0        0.0       
            .500000000 0.0        0.0        0.0       
 199526231. .500000000 0.0        0.0        0.0       
            .500000000 0.0        0.0        0.0       
 208929613. .500000000 0.0        0.0        0.0       
            .500000000 0.0        0.0        0.0       
 218776162. .500000000 0.0        0.0        0.0       
            .500000000 0.0        0.0        0.0       
 229086765. .500000000 0.0        0.0        0.0       
            .500000000 0.0        0.0        0.0       
 239883292. .500000000 0.0        0.0        0.0       
            .500000000 0.0        0.0        0.0       
 251188643. .500000000 0.0        0.0        0.0       
            .500000000 0.0        0.0        0.0       
 263026799. .500000000 0.0        0.0        0.0       
            .500000000 0.0        0.0        0.0       
 275422870. .500000000 0.0        0.0        0.0       
            .500000000 0.0        0.0        0.0       
 288403150. .500000000 0.0        0.0        0.0       
            .500000000 0.0        0.0        0.0       
 301995172. .500000000 0.0        0.0        0.0       
            .500000000 0.0        0.0        0.0       
 316227766. .500000000 0.0        0.0        0.0       
            .500000000 0.0        0.0        0.0       
 331131121. .500000000 0.0        0.0        0.0       
            .500000000 0.0        0.0        0.0       
 346736850. .500000000 0.0        0.0        0.0       
            .500000000 0.0        0.0        0.0       
 363078055. .500000000 0.0        0.0        0.0       
            .500000000 0.0        0.0        0.0       
 380189396. .500000000 0.0        0.0        0.0       
            .500000000 0.0        0.0        0.0       
 398107171. .500000000 0.0        0.0        0.0       
            .500000000 0.0        0.0        0.0       
 416869383. .500000000 0.0        0.0        0.0       
            .500000000 0.0        0.0        0.0       
 436515832. .500000000 0.0        0.0        0.0       
            .500000000 0.0        0.0        0.0       
 457088190. .500000000 0.0        0.0        0.0       
            .500000000 0.0        0.0        0.0       
 478630092. .500000000 0.0        0.0        0.0       
            .500000000 0.0        0.0        0.0       
 501187234. .500000000 0.0        0.0        0.0       
            .500000000 0.0        0.0        0.0       
 524807460. .500000000 0.0        0.0        0.0       
            .500000000 0.0        0.0        0.0       
 549540874. .500000000 0.0        0.0        0.0       
            .500000000 0.0        0.0        0.0       
 575439937. .500000000 0.0        0.0        0.0       
            .500000000 0.0        0.0        0.0       
 602559586. .500000000 0.0        0.0        0.0       
            .500000000 0.0        0.0        0.0       
 630957344. .500000000 0.0        0.0        0.0       
            .500000000 0.0        0.0        0.0       
 660693448. .500000000 0.0        0.0        0.0       
            .500000000 0.0        0.0        0.0       
 691830971. .500000000 0.0        0.0        0.0       
            .500000000 0.0        0.0        0.0       
 724435960. .500000000 0.0        0.0        0.0       
            .500000000 0.0        0.0        0.0       
 758577575. .500000000 0.0        0.0        0.0       
            .500000000 0.0        0.0        0.0       
 794328235. .500000000 0.0        0.0        0.0       
            .500000000 0.0        0.0        0.0       
 831763771. .500000000 0.0        0.0        0.0       
            .500000000 0.0        0.0        0.0       
 870963590. .500000000 0.0        0.0        0.0       
            .500000000 0.0        0.0        0.0       
 912010839. .500000000 0.0        0.0        0.0       
            .500000000 0.0        0.0        0.0       
 954992586. .500000000 0.0        0.0        0.0       
            .500000000 0.0        0.0        0.0       
 1.00000E+9
