<cross-s.>      1.01      1.00400000D-03    232.04    0    3
 1.59941D+04
 5.08325D+03
 1.09109D+04
<cross-s.>      1.01      2.00900000D-03    232.04    0    3
 1.45875D+04
 3.70906D+03
 1.08784D+04
<cross-s.>      1.01      5.02200000D-03    232.04    0    3
 1.33655D+04
 2.56817D+03
 1.07974D+04
<cross-s.>      1.01      1.00400000D-02    232.04    0    3
 1.27615D+04
 2.08027D+03
 1.06812D+04
<cross-s.>      1.01      2.00900000D-02    232.04    0    3
 1.23206D+04
 1.84546D+03
 1.04752D+04
<cross-s.>      1.01      5.02200000D-02    232.04    0    3
 1.18047D+04
 1.86946D+03
 9.93523D+03
<cross-s.>      1.01      1.00430000D-01    232.04    0    3
 1.12645D+04
 2.10405D+03
 9.16043D+03
<cross-s.>      1.01      2.00870000D-01    232.04    0    3
 1.02974D+04
 2.42106D+03
 7.87639D+03
<cross-s.>      1.01      3.01300000D-01    232.04    0    3
 9.37031D+03
 2.54195D+03
 6.82835D+03
<cross-s.>      1.01      4.01740000D-01    232.04    0    3
 8.51179D+03
 2.56172D+03
 5.95007D+03
<cross-s.>      1.01      5.02170000D-01    232.04    0    3
 7.75550D+03
 2.54637D+03
 5.20913D+03
<cross-s.>      1.01      6.02610000D-01    232.04    0    3
 7.12559D+03
 2.53825D+03
 4.58735D+03
<cross-s.>      1.01      7.03040000D-01    232.04    0    3
 6.64006D+03
 2.56511D+03
 4.07495D+03
<cross-s.>      1.01      8.03480000D-01    232.04    0    3
 6.30785D+03
 2.64237D+03
 3.66548D+03
<cross-s.>      1.01      9.03910000D-01    232.04    0    3
 6.13103D+03
 2.77508D+03
 3.35596D+03
<cross-s.>      1.01      1.00435000D+00    232.04    0    3
 6.09969D+03
 2.95555D+03
 3.14414D+03
<cross-s.>      1.01      1.10478000D+00    232.04    0    3
 6.19133D+03
 3.16407D+03
 3.02726D+03
<cross-s.>      1.01      1.20522000D+00    232.04    0    3
 6.36483D+03
 3.36885D+03
 2.99598D+03
<cross-s.>      1.01      1.30565000D+00    232.04    0    3
 6.57475D+03
 3.53958D+03
 3.03517D+03
<cross-s.>      1.01      1.40609000D+00    232.04    0    3
 6.78360D+03
 3.65748D+03
 3.12612D+03
<cross-s.>      1.01      1.50652000D+00    232.04    0    3
 6.97070D+03
 3.71951D+03
 3.25120D+03
<cross-s.>      1.01      1.60696000D+00    232.04    0    3
 7.12983D+03
 3.73320D+03
 3.39663D+03
<cross-s.>      1.01      1.70739000D+00    232.04    0    3
 7.26277D+03
 3.71013D+03
 3.55264D+03
<cross-s.>      1.01      1.80782000D+00    232.04    0    3
 7.37393D+03
 3.66149D+03
 3.71245D+03
<cross-s.>      1.01      1.90826000D+00    232.04    0    3
 7.46771D+03
 3.59638D+03
 3.87133D+03
<cross-s.>      1.01      2.00869000D+00    232.04    0    3
 7.54744D+03
 3.52171D+03
 4.02572D+03
<cross-s.>      1.01      2.20956000D+00    232.04    0    3
 7.67676D+03
 3.36388D+03
 4.31288D+03
<cross-s.>      1.01      2.41043000D+00    232.04    0    3
 7.77885D+03
 3.21444D+03
 4.56441D+03
<cross-s.>      1.01      2.61130000D+00    232.04    0    3
 7.86178D+03
 3.08357D+03
 4.77821D+03
<cross-s.>      1.01      2.81217000D+00    232.04    0    3
 7.92750D+03
 2.97223D+03
 4.95527D+03
<cross-s.>      1.01      3.01304000D+00    232.04    0    3
 7.97539D+03
 2.87846D+03
 5.09693D+03
<cross-s.>      1.01      3.21391000D+00    232.04    0    3
 8.00485D+03
 2.79991D+03
 5.20494D+03
<cross-s.>      1.01      3.41478000D+00    232.04    0    3
 8.01582D+03
 2.73484D+03
 5.28098D+03
<cross-s.>      1.01      3.61565000D+00    232.04    0    3
 8.00841D+03
 2.68160D+03
 5.32681D+03
<cross-s.>      1.01      3.81652000D+00    232.04    0    3
 7.98404D+03
 2.63920D+03
 5.34483D+03
<cross-s.>      1.01      4.01739000D+00    232.04    0    3
 7.94417D+03
 2.60661D+03
 5.33755D+03
<cross-s.>      1.01      4.51956000D+00    232.04    0    3
 7.78689D+03
 2.56251D+03
 5.22437D+03
<cross-s.>      1.01      5.02174000D+00    232.04    0    3
 7.57684D+03
 2.56807D+03
 5.00877D+03
<cross-s.>      1.01      5.52391000D+00    232.04    0    3
 7.35245D+03
 2.62001D+03
 4.73244D+03
<cross-s.>      1.01      6.02608000D+00    232.04    0    3
 7.13958D+03
 2.70717D+03
 4.43240D+03
<cross-s.>      1.01      6.52826000D+00    232.04    0    3
 6.93895D+03
 2.80292D+03
 4.13603D+03
<cross-s.>      1.01      7.03043000D+00    232.04    0    3
 6.73681D+03
 2.87882D+03
 3.85800D+03
<cross-s.>      1.01      7.53260000D+00    232.04    0    3
 6.52680D+03
 2.92251D+03
 3.60429D+03
<cross-s.>      1.01      8.03478000D+00    232.04    0    3
 6.31593D+03
 2.93769D+03
 3.37824D+03
<cross-s.>      1.01      8.53695000D+00    232.04    0    3
 6.11490D+03
 2.93352D+03
 3.18138D+03
<cross-s.>      1.01      9.03912000D+00    232.04    0    3
 5.93409D+03
 2.91892D+03
 3.01517D+03
<cross-s.>      1.01      9.54130000D+00    232.04    0    3
 5.78042D+03
 2.90101D+03
 2.87941D+03
<cross-s.>      1.01      1.00434700D+01    232.04    0    3
 5.65868D+03
 2.88459D+03
 2.77408D+03
<cross-s.>      1.01      1.05456400D+01    232.04    0    3
 5.57027D+03
 2.87195D+03
 2.69832D+03
<cross-s.>      1.01      1.10478200D+01    232.04    0    3
 5.51381D+03
 2.86332D+03
 2.65049D+03
<cross-s.>      1.01      1.15499900D+01    232.04    0    3
 5.48578D+03
 2.85771D+03
 2.62808D+03
<cross-s.>      1.01      1.20521600D+01    232.04    0    3
 5.48161D+03
 2.85373D+03
 2.62788D+03
<cross-s.>      1.01      1.25543400D+01    232.04    0    3
 5.49650D+03
 2.85023D+03
 2.64627D+03
<cross-s.>      1.01      1.30565100D+01    232.04    0    3
 5.52608D+03
 2.84658D+03
 2.67950D+03
<cross-s.>      1.01      1.35586800D+01    232.04    0    3
 5.56648D+03
 2.84260D+03
 2.72388D+03
<cross-s.>      1.01      1.40608600D+01    232.04    0    3
 5.61491D+03
 2.83859D+03
 2.77632D+03
<cross-s.>      1.01      1.45630300D+01    232.04    0    3
 5.66874D+03
 2.83490D+03
 2.83384D+03
<cross-s.>      1.01      1.50652000D+01    232.04    0    3
 5.72595D+03
 2.83194D+03
 2.89401D+03
<cross-s.>      1.01      1.55673800D+01    232.04    0    3
 5.78486D+03
 2.82996D+03
 2.95491D+03
<cross-s.>      1.01      1.60695500D+01    232.04    0    3
 5.84382D+03
 2.82900D+03
 3.01482D+03
<cross-s.>      1.01      1.65717300D+01    232.04    0    3
 5.90120D+03
 2.82893D+03
 3.07227D+03
<cross-s.>      1.01      1.70739000D+01    232.04    0    3
 5.95560D+03
 2.82945D+03
 3.12616D+03
<cross-s.>      1.01      1.75760700D+01    232.04    0    3
 6.00565D+03
 2.83020D+03
 3.17546D+03
<cross-s.>      1.01      1.80782500D+01    232.04    0    3
 6.05037D+03
 2.83083D+03
 3.21954D+03
<cross-s.>      1.01      1.85804200D+01    232.04    0    3
 6.08863D+03
 2.83104D+03
 3.25759D+03
<cross-s.>      1.01      1.90825900D+01    232.04    0    3
 6.12001D+03
 2.83059D+03
 3.28942D+03
<cross-s.>      1.01      1.95847700D+01    232.04    0    3
 6.14398D+03
 2.82936D+03
 3.31462D+03
<cross-s.>      1.01      2.00869400D+01    232.04    0    3
 6.16043D+03
 2.82728D+03
 3.33315D+03
