<ine.c.s.>      1.01      1.00000000D-06    232.04    0    2            
0.d0          1                                                         
0.d0          2                                                         
<ine.c.s.>      1.01      1.00000000D-05    232.04    0    2            
0.d0          1                                                         
0.d0          2                                                         
<ine.c.s.>      1.01      1.00000000D-04    232.04    0    2            
0.d0          1                                                         
0.d0          2                                                         
<ine.c.s.>      1.01      1.00000000D-03    232.04    0    2            
0.d0          1                                                         
0.d0          2                                                         
<ine.c.s.>      1.01      2.00000000D-03    232.04    0    2            
0.d0          1                                                         
0.d0          2                                                         
<ine.c.s.>      1.01      5.00000000D-03    232.04    0    2            
0.d0          1                                                         
0.d0          2                                                         
<ine.c.s.>      1.01      1.00000000D-02    232.04    0    2            
0.d0          1                                                         
0.d0          2                                                         
<ine.c.s.>      1.01      2.00000000D-02    232.04    0    2            
0.d0          1                                                         
0.d0          2                                                         
<ine.c.s.>      1.01      5.00000000D-02    232.04    0    2            
 5.16353D-02  1                                                         
0.d0          2                                                         
<ine.c.s.>      1.01      1.00000000D-01    232.04    0    2            
 1.13048D+01  1                                                         
0.d0          2                                                         
<ine.c.s.>      1.01      2.00000000D-01    232.04    0    2            
 4.78759D+01  1                                                         
 7.35140D-02  2                                                         
<ine.c.s.>      1.01      5.00000000D-01    232.04    0    2            
 1.31418D+02  1                                                         
 1.13240D+01  2                                                         
<ine.c.s.>      1.01      1.00000000D+00    232.04    0    2            
 2.33805D+02  1                                                         
 8.18611D+01  2                                                         
<ine.c.s.>      1.01      1.50000000D+00    232.04    0    2            
 3.58612D+02  1                                                         
 1.44572D+02  2                                                         
<ine.c.s.>      1.01      2.00000000D+00    232.04    0    2            
 4.34320D+02  1                                                         
 1.66052D+02  2                                                         
<ine.c.s.>      1.01      2.50000000D+00    232.04    0    2            
 4.47484D+02  1                                                         
 1.62350D+02  2                                                         
<ine.c.s.>      1.01      3.00000000D+00    232.04    0    2            
 4.24557D+02  1                                                         
 1.51994D+02  2                                                         
<ine.c.s.>      1.01      4.00000000D+00    232.04    0    2            
 3.61276D+02  1                                                         
 1.35725D+02  2                                                         
<ine.c.s.>      1.01      5.00000000D+00    232.04    0    2            
 3.03244D+02  1                                                         
 1.15866D+02  2                                                         
<ine.c.s.>      1.01      6.00000000D+00    232.04    0    2            
 2.66481D+02  1                                                         
 1.01729D+02  2                                                         
<ine.c.s.>      1.01      7.00000000D+00    232.04    0    2            
 2.49057D+02  1                                                         
 9.04569D+01  2                                                         
<ine.c.s.>      1.01      8.00000000D+00    232.04    0    2            
 2.37714D+02  1                                                         
 7.88514D+01  2                                                         
<ine.c.s.>      1.01      9.00000000D+00    232.04    0    2            
 2.24603D+02  1                                                         
 6.78758D+01  2                                                         
<ine.c.s.>      1.01      1.00000000D+01    232.04    0    2            
 2.09822D+02  1                                                         
 5.90427D+01  2                                                         
<ine.c.s.>      1.01      1.20000000D+01    232.04    0    2            
 1.81891D+02  1                                                         
 4.67552D+01  2                                                         
<ine.c.s.>      1.01      1.40000000D+01    232.04    0    2            
 1.58302D+02  1                                                         
 3.78770D+01  2                                                         
<ine.c.s.>      1.01      1.60000000D+01    232.04    0    2            
 1.38860D+02  1                                                         
 3.10486D+01  2                                                         
<ine.c.s.>      1.01      2.00000000D+01    232.04    0    2            
 1.12593D+02  1                                                         
 2.19985D+01  2                                                         
