<cross-s.>      1.01      1.00400000D-03    242.06    0    3
 2.51806D+04
 1.36230D+04
 1.15576D+04
<cross-s.>      1.01      2.00800000D-03    242.06    0    3
 2.13928D+04
 9.90362D+03
 1.14891D+04
<cross-s.>      1.01      5.02100000D-03    242.06    0    3
 1.81371D+04
 6.80240D+03
 1.13347D+04
<cross-s.>      1.01      1.00400000D-02    242.06    0    3
 1.65973D+04
 5.46393D+03
 1.11334D+04
<cross-s.>      1.01      2.00800000D-02    242.06    0    3
 1.56021D+04
 4.79767D+03
 1.08044D+04
<cross-s.>      1.01      5.02100000D-02    242.06    0    3
 1.48040D+04
 4.76440D+03
 1.00396D+04
<cross-s.>      1.01      1.00420000D-01    242.06    0    3
 1.42764D+04
 5.17759D+03
 9.09885D+03
<cross-s.>      1.01      2.00830000D-01    242.06    0    3
 1.32755D+04
 5.45987D+03
 7.81565D+03
<cross-s.>      1.01      3.01250000D-01    242.06    0    3
 1.22244D+04
 5.31768D+03
 6.90668D+03
<cross-s.>      1.01      4.01670000D-01    242.06    0    3
 1.12777D+04
 5.09370D+03
 6.18402D+03
<cross-s.>      1.01      5.02080000D-01    242.06    0    3
 1.04889D+04
 4.89837D+03
 5.59049D+03
<cross-s.>      1.01      6.02500000D-01    242.06    0    3
 9.85488D+03
 4.74843D+03
 5.10645D+03
<cross-s.>      1.01      7.02920000D-01    242.06    0    3
 9.35638D+03
 4.63680D+03
 4.71957D+03
<cross-s.>      1.01      8.03330000D-01    242.06    0    3
 8.96889D+03
 4.55436D+03
 4.41453D+03
<cross-s.>      1.01      9.03750000D-01    242.06    0    3
 8.67415D+03
 4.49566D+03
 4.17849D+03
<cross-s.>      1.01      1.00417000D+00    242.06    0    3
 8.45463D+03
 4.45503D+03
 3.99959D+03
<cross-s.>      1.01      1.10458000D+00    242.06    0    3
 8.29304D+03
 4.42613D+03
 3.86691D+03
<cross-s.>      1.01      1.20500000D+00    242.06    0    3
 8.17622D+03
 4.40362D+03
 3.77260D+03
<cross-s.>      1.01      1.30542000D+00    242.06    0    3
 8.09370D+03
 4.38361D+03
 3.71009D+03
<cross-s.>      1.01      1.40583000D+00    242.06    0    3
 8.03768D+03
 4.36359D+03
 3.67409D+03
<cross-s.>      1.01      1.50625000D+00    242.06    0    3
 8.00123D+03
 4.34177D+03
 3.65946D+03
<cross-s.>      1.01      1.60667000D+00    242.06    0    3
 7.97997D+03
 4.31759D+03
 3.66238D+03
<cross-s.>      1.01      1.70708000D+00    242.06    0    3
 7.96988D+03
 4.29066D+03
 3.67922D+03
<cross-s.>      1.01      1.80750000D+00    242.06    0    3
 7.96795D+03
 4.26121D+03
 3.70674D+03
<cross-s.>      1.01      1.90792000D+00    242.06    0    3
 7.97164D+03
 4.22953D+03
 3.74211D+03
<cross-s.>      1.01      2.00833000D+00    242.06    0    3
 7.97923D+03
 4.19627D+03
 3.78295D+03
<cross-s.>      1.01      2.20917000D+00    242.06    0    3
 7.99941D+03
 4.12673D+03
 3.87268D+03
<cross-s.>      1.01      2.41000000D+00    242.06    0    3
 8.01937D+03
 4.05650D+03
 3.96287D+03
<cross-s.>      1.01      2.61083000D+00    242.06    0    3
 8.03345D+03
 3.98902D+03
 4.04443D+03
<cross-s.>      1.01      2.81167000D+00    242.06    0    3
 8.03896D+03
 3.92713D+03
 4.11183D+03
<cross-s.>      1.01      3.01250000D+00    242.06    0    3
 8.01154D+03
 3.89388D+03
 4.11766D+03
<cross-s.>      1.01      3.21334000D+00    242.06    0    3
 8.02081D+03
 3.86386D+03
 4.15694D+03
<cross-s.>      1.01      3.41417000D+00    242.06    0    3
 8.01641D+03
 3.83401D+03
 4.18241D+03
<cross-s.>      1.01      3.61500000D+00    242.06    0    3
 7.99762D+03
 3.80351D+03
 4.19410D+03
<cross-s.>      1.01      3.81584000D+00    242.06    0    3
 7.96444D+03
 3.77218D+03
 4.19226D+03
<cross-s.>      1.01      4.01667000D+00    242.06    0    3
 7.91792D+03
 3.74055D+03
 4.17737D+03
<cross-s.>      1.01      4.51875000D+00    242.06    0    3
 7.75665D+03
 3.66661D+03
 4.09004D+03
<cross-s.>      1.01      5.02084000D+00    242.06    0    3
 7.55423D+03
 3.60704D+03
 3.94720D+03
<cross-s.>      1.01      5.52292000D+00    242.06    0    3
 7.33218D+03
 3.56246D+03
 3.76971D+03
<cross-s.>      1.01      6.02500000D+00    242.06    0    3
 7.10825D+03
 3.53170D+03
 3.57655D+03
<cross-s.>      1.01      6.52709000D+00    242.06    0    3
 6.89556D+03
 3.51194D+03
 3.38362D+03
<cross-s.>      1.01      7.02917000D+00    242.06    0    3
 6.70104D+03
 3.49791D+03
 3.20313D+03
<cross-s.>      1.01      7.53125000D+00    242.06    0    3
 6.52717D+03
 3.48459D+03
 3.04258D+03
<cross-s.>      1.01      8.03334000D+00    242.06    0    3
 6.37487D+03
 3.46932D+03
 2.90554D+03
<cross-s.>      1.01      8.53542000D+00    242.06    0    3
 6.24503D+03
 3.45189D+03
 2.79313D+03
<cross-s.>      1.01      9.03750000D+00    242.06    0    3
 6.13768D+03
 3.43301D+03
 2.70467D+03
<cross-s.>      1.01      9.53959000D+00    242.06    0    3
 6.05203D+03
 3.41362D+03
 2.63840D+03
<cross-s.>      1.01      1.00416700D+01    242.06    0    3
 5.98705D+03
 3.39471D+03
 2.59235D+03
<cross-s.>      1.01      1.05437500D+01    242.06    0    3
 5.94108D+03
 3.37675D+03
 2.56432D+03
<cross-s.>      1.01      1.10458400D+01    242.06    0    3
 5.91204D+03
 3.35982D+03
 2.55221D+03
<cross-s.>      1.01      1.15479200D+01    242.06    0    3
 5.89756D+03
 3.34366D+03
 2.55390D+03
<cross-s.>      1.01      1.20500000D+01    242.06    0    3
 5.89532D+03
 3.32797D+03
 2.56735D+03
<cross-s.>      1.01      1.25520900D+01    242.06    0    3
 5.90278D+03
 3.31235D+03
 2.59043D+03
<cross-s.>      1.01      1.30541700D+01    242.06    0    3
 5.91799D+03
 3.29676D+03
 2.62124D+03
<cross-s.>      1.01      1.35562500D+01    242.06    0    3
 5.93912D+03
 3.28117D+03
 2.65796D+03
<cross-s.>      1.01      1.40583400D+01    242.06    0    3
 5.96469D+03
 3.26572D+03
 2.69897D+03
<cross-s.>      1.01      1.45604200D+01    242.06    0    3
 5.99328D+03
 3.25043D+03
 2.74285D+03
<cross-s.>      1.01      1.50625100D+01    242.06    0    3
 6.02392D+03
 3.23557D+03
 2.78834D+03
<cross-s.>      1.01      1.55645900D+01    242.06    0    3
 6.05556D+03
 3.22120D+03
 2.83436D+03
<cross-s.>      1.01      1.60666700D+01    242.06    0    3
 6.08740D+03
 3.20747D+03
 2.87993D+03
<cross-s.>      1.01      1.65687600D+01    242.06    0    3
 6.11876D+03
 3.19453D+03
 2.92423D+03
<cross-s.>      1.01      1.70708400D+01    242.06    0    3
 6.14900D+03
 3.18247D+03
 2.96652D+03
<cross-s.>      1.01      1.75729200D+01    242.06    0    3
 6.17753D+03
 3.17133D+03
 3.00620D+03
<cross-s.>      1.01      1.80750100D+01    242.06    0    3
 6.20386D+03
 3.16114D+03
 3.04272D+03
<cross-s.>      1.01      1.85770900D+01    242.06    0    3
 6.22754D+03
 3.15187D+03
 3.07567D+03
<cross-s.>      1.01      1.90791700D+01    242.06    0    3
 6.24808D+03
 3.14342D+03
 3.10466D+03
<cross-s.>      1.01      1.95812600D+01    242.06    0    3
 6.26504D+03
 3.13562D+03
 3.12942D+03
<cross-s.>      1.01      2.00833400D+01    242.06    0    3
 6.27803D+03
 3.12831D+03
 3.14972D+03
<cross-s.>      1.01      4.01660000D-01    242.06   93    1
 1.70757D-47
<cross-s.>      1.01      5.02080000D-01    242.06   93    1
 6.51002D-41
<cross-s.>      1.01      6.02500000D-01    242.06   93    1
 4.60252D-36
<cross-s.>      1.01      7.02910000D-01    242.06   93    1
 2.66330D-32
<cross-s.>      1.01      8.03330000D-01    242.06   93    1
 2.84346D-29
<cross-s.>      1.01      9.03750000D-01    242.06   93    1
 3.20567D-26
<cross-s.>      1.01      1.00416000D+00    242.06   93    1
 4.18268D-24
<cross-s.>      1.01      1.10458000D+00    242.06   93    1
 2.74723D-22
<cross-s.>      1.01      1.20499000D+00    242.06   93    1
 1.05084D-20
<cross-s.>      1.01      1.30541000D+00    242.06   93    1
 2.60411D-19
<cross-s.>      1.01      1.40583000D+00    242.06   93    1
 4.52334D-18
<cross-s.>      1.01      1.50624000D+00    242.06   93    1
 5.84735D-17
<cross-s.>      1.01      1.60666000D+00    242.06   93    1
 5.89795D-16
<cross-s.>      1.01      1.70707000D+00    242.06   93    1
 4.81477D-15
<cross-s.>      1.01      1.80749000D+00    242.06   93    1
 3.27741D-14
<cross-s.>      1.01      1.90791000D+00    242.06   93    1
 1.90539D-13
<cross-s.>      1.01      2.00832000D+00    242.06   93    1
 9.64919D-13
<cross-s.>      1.01      2.20916000D+00    242.06   93    1
 1.74364D-11
<cross-s.>      1.01      2.40999000D+00    242.06   93    1
 2.14333D-10
<cross-s.>      1.01      2.61082000D+00    242.06   93    1
 1.93191D-09
<cross-s.>      1.01      2.81165000D+00    242.06   93    1
 1.35066D-08
<cross-s.>      1.01      3.01248000D+00    242.06   93    1
 7.64493D-08
<cross-s.>      1.01      3.21332000D+00    242.06   93    1
 3.62370D-07
<cross-s.>      1.01      3.41415000D+00    242.06   93    1
 1.47719D-06
<cross-s.>      1.01      3.61498000D+00    242.06   93    1
 5.29299D-06
<cross-s.>      1.01      3.81581000D+00    242.06   93    1
 1.69674D-05
<cross-s.>      1.01      4.01665000D+00    242.06   93    1
 4.93774D-05
<cross-s.>      1.01      4.51873000D+00    242.06   93    1
 5.03583D-04
<cross-s.>      1.01      5.02081000D+00    242.06   93    1
 3.47631D-03
<cross-s.>      1.01      5.52289000D+00    242.06   93    1
 1.78762D-02
<cross-s.>      1.01      6.02497000D+00    242.06   93    1
 7.31436D-02
<cross-s.>      1.01      6.52705000D+00    242.06   93    1
 2.49542D-01
<cross-s.>      1.01      7.02913000D+00    242.06   93    1
 7.34252D-01
<cross-s.>      1.01      7.53121000D+00    242.06   93    1
 1.91016D+00
<cross-s.>      1.01      8.03329000D+00    242.06   93    1
 4.47413D+00
<cross-s.>      1.01      8.53537000D+00    242.06   93    1
 9.56100D+00
<cross-s.>      1.01      9.03745000D+00    242.06   93    1
 1.88047D+01
<cross-s.>      1.01      9.53953000D+00    242.06   93    1
 3.42290D+01
<cross-s.>      1.01      1.00416100D+01    242.06   93    1
 5.78314D+01
<cross-s.>      1.01      1.05436900D+01    242.06   93    1
 9.09216D+01
<cross-s.>      1.01      1.10457700D+01    242.06   93    1
 1.33542D+02
<cross-s.>      1.01      1.15478500D+01    242.06   93    1
 1.84537D+02
<cross-s.>      1.01      1.20499400D+01    242.06   93    1
 2.42166D+02
<cross-s.>      1.01      1.25520200D+01    242.06   93    1
 3.04885D+02
<cross-s.>      1.01      1.30541000D+01    242.06   93    1
 3.71627D+02
<cross-s.>      1.01      1.35561800D+01    242.06   93    1
 4.41560D+02
<cross-s.>      1.01      1.40582600D+01    242.06   93    1
 5.13797D+02
<cross-s.>      1.01      1.45603400D+01    242.06   93    1
 5.87199D+02
<cross-s.>      1.01      1.50624200D+01    242.06   93    1
 6.60451D+02
<cross-s.>      1.01      1.55645000D+01    242.06   93    1
 7.32282D+02
<cross-s.>      1.01      1.60665800D+01    242.06   93    1
 8.01536D+02
<cross-s.>      1.01      1.65686600D+01    242.06   93    1
 8.67471D+02
<cross-s.>      1.01      1.70707400D+01    242.06   93    1
 9.29645D+02
<cross-s.>      1.01      1.75728200D+01    242.06   93    1
 9.88035D+02
<cross-s.>      1.01      1.80749000D+01    242.06   93    1
 1.04287D+03
<cross-s.>      2.01      4.03340000D-01    241.06   93    1
 1.04369D-66
<cross-s.>      2.01      5.04180000D-01    241.06   93    1
 1.96876D-57
<cross-s.>      2.01      6.05010000D-01    241.06   93    1
 1.19131D-50
<cross-s.>      2.01      7.05850000D-01    241.06   93    1
 2.31512D-45
<cross-s.>      2.01      8.06680000D-01    241.06   93    1
 4.10757D-41
<cross-s.>      2.01      9.07520000D-01    241.06   93    1
 1.32462D-37
<cross-s.>      2.01      1.00835000D+00    241.06   93    1
 1.20274D-34
<cross-s.>      2.01      1.10919000D+00    241.06   93    1
 5.96855D-32
<cross-s.>      2.01      1.21002000D+00    241.06   93    1
 3.20314D-29
<cross-s.>      2.01      1.31086000D+00    241.06   93    1
 2.79384D-27
<cross-s.>      2.01      1.41169000D+00    241.06   93    1
 1.47603D-25
<cross-s.>      2.01      1.51253000D+00    241.06   93    1
 5.14957D-24
<cross-s.>      2.01      1.61336000D+00    241.06   93    1
 1.26698D-22
<cross-s.>      2.01      1.71420000D+00    241.06   93    1
 2.31825D-21
<cross-s.>      2.01      1.81504000D+00    241.06   93    1
 3.28906D-20
<cross-s.>      2.01      1.91587000D+00    241.06   93    1
 3.74372D-19
<cross-s.>      2.01      2.01671000D+00    241.06   93    1
 3.51793D-18
<cross-s.>      2.01      2.21838000D+00    241.06   93    1
 1.91014D-16
<cross-s.>      2.01      2.42005000D+00    241.06   93    1
 6.09390D-15
<cross-s.>      2.01      2.62172000D+00    241.06   93    1
 1.26972D-13
<cross-s.>      2.01      2.82339000D+00    241.06   93    1
 1.86949D-12
<cross-s.>      2.01      3.02506000D+00    241.06   93    1
 2.06462D-11
<cross-s.>      2.01      3.22673000D+00    241.06   93    1
 1.79148D-10
<cross-s.>      2.01      3.42840000D+00    241.06   93    1
 1.26666D-09
<cross-s.>      2.01      3.63007000D+00    241.06   93    1
 7.51337D-09
<cross-s.>      2.01      3.83174000D+00    241.06   93    1
 3.82772D-08
<cross-s.>      2.01      4.03341000D+00    241.06   93    1
 1.70758D-07
<cross-s.>      2.01      4.53759000D+00    241.06   93    1
 4.42651D-06
<cross-s.>      2.01      5.04177000D+00    241.06   93    1
 6.61761D-05
<cross-s.>      2.01      5.54594000D+00    241.06   93    1
 6.47727D-04
<cross-s.>      2.01      6.05012000D+00    241.06   93    1
 4.54596D-03
<cross-s.>      2.01      6.55429000D+00    241.06   93    1
 2.44740D-02
<cross-s.>      2.01      7.05847000D+00    241.06   93    1
 1.06392D-01
<cross-s.>      2.01      7.56265000D+00    241.06   93    1
 3.88439D-01
<cross-s.>      2.01      8.06682000D+00    241.06   93    1
 1.22725D+00
<cross-s.>      2.01      8.57100000D+00    241.06   93    1
 3.43057D+00
<cross-s.>      2.01      9.07518000D+00    241.06   93    1
 8.61564D+00
<cross-s.>      2.01      9.57935000D+00    241.06   93    1
 1.96046D+01
<cross-s.>      2.01      1.00835300D+01    241.06   93    1
 4.05030D+01
<cross-s.>      2.01      1.05877100D+01    241.06   93    1
 7.57679D+01
<cross-s.>      2.01      1.10918800D+01    241.06   93    1
 1.28098D+02
<cross-s.>      2.01      1.15960600D+01    241.06   93    1
 1.96716D+02
<cross-s.>      2.01      1.21002400D+01    241.06   93    1
 2.78034D+02
<cross-s.>      2.01      1.26044100D+01    241.06   93    1
 3.67681D+02
<cross-s.>      2.01      1.31085900D+01    241.06   93    1
 4.61843D+02
<cross-s.>      2.01      1.36127700D+01    241.06   93    1
 5.57557D+02
<cross-s.>      2.01      1.41169400D+01    241.06   93    1
 6.52599D+02
<cross-s.>      2.01      1.46211200D+01    241.06   93    1
 7.45070D+02
<cross-s.>      2.01      1.51252900D+01    241.06   93    1
 8.33679D+02
<cross-s.>      2.01      1.56294700D+01    241.06   93    1
 9.17740D+02
<cross-s.>      3.02      4.05030000D-01    240.06   93    1
 1.84315D-50
<cross-s.>      3.02      5.06280000D-01    240.06   93    1
 2.84951D-39
<cross-s.>      3.02      6.07540000D-01    240.06   93    1
 1.32067D-60
<cross-s.>      3.02      7.08790000D-01    240.06   93    1
 3.64675D-54
<cross-s.>      3.02      8.10050000D-01    240.06   93    1
 5.40444D-49
<cross-s.>      3.02      9.11310000D-01    240.06   93    1
 8.99111D-45
<cross-s.>      3.02      1.01256000D+00    240.06   93    1
 3.50655D-41
<cross-s.>      3.02      1.11382000D+00    240.06   93    1
 4.17170D-38
<cross-s.>      3.02      1.21508000D+00    240.06   93    1
 1.94991D-35
<cross-s.>      3.02      1.31633000D+00    240.06   93    1
 1.89230D-32
<cross-s.>      3.02      1.41759000D+00    240.06   93    1
 3.22785D-30
<cross-s.>      3.02      1.51885000D+00    240.06   93    1
 2.33167D-28
<cross-s.>      3.02      1.62010000D+00    240.06   93    1
 1.09724D-26
<cross-s.>      3.02      1.72136000D+00    240.06   93    1
 3.59135D-25
<cross-s.>      3.02      1.82262000D+00    240.06   93    1
 8.60510D-24
<cross-s.>      3.02      1.92387000D+00    240.06   93    1
 1.57366D-22
<cross-s.>      3.02      2.02513000D+00    240.06   93    1
 2.27476D-21
<cross-s.>      3.02      2.22764000D+00    240.06   93    1
 2.61791D-19
<cross-s.>      3.02      2.43015000D+00    240.06   93    1
 1.56936D-17
<cross-s.>      3.02      2.63267000D+00    240.06   93    1
 5.58284D-16
<cross-s.>      3.02      2.83518000D+00    240.06   93    1
 1.29830D-14
<cross-s.>      3.02      3.03769000D+00    240.06   93    1
 2.12602D-13
<cross-s.>      3.02      3.24021000D+00    240.06   93    1
 2.59732D-12
<cross-s.>      3.02      3.44272000D+00    240.06   93    1
 2.47772D-11
<cross-s.>      3.02      3.64523000D+00    240.06   93    1
 1.91484D-10
<cross-s.>      3.02      3.84774000D+00    240.06   93    1
 1.23524D-09
<cross-s.>      3.02      4.05026000D+00    240.06   93    1
 6.81727D-09
<cross-s.>      3.02      4.55654000D+00    240.06   93    1
 2.79313D-07
<cross-s.>      3.02      5.06282000D+00    240.06   93    1
 6.15731D-06
<cross-s.>      3.02      5.56910000D+00    240.06   93    1
 8.52154D-05
<cross-s.>      3.02      6.07538000D+00    240.06   93    1
 8.19611D-04
<cross-s.>      3.02      6.58167000D+00    240.06   93    1
 5.87143D-03
<cross-s.>      3.02      7.08795000D+00    240.06   93    1
 3.29475D-02
<cross-s.>      3.02      7.59423000D+00    240.06   93    1
 1.50692D-01
<cross-s.>      3.02      8.10051000D+00    240.06   93    1
 5.80731D-01
<cross-s.>      3.02      8.60679000D+00    240.06   93    1
 1.93474D+00
<cross-s.>      3.02      9.11308000D+00    240.06   93    1
 5.69002D+00
<cross-s.>      3.02      9.61936000D+00    240.06   93    1
 1.49646D+01
<cross-s.>      3.02      1.01256400D+01    240.06   93    1
 3.53081D+01
<cross-s.>      3.02      1.06319200D+01    240.06   93    1
 7.41767D+01
<cross-s.>      3.02      1.11382000D+01    240.06   93    1
 1.37195D+02
<cross-s.>      3.02      1.16444900D+01    240.06   93    1
 2.23252D+02
<cross-s.>      3.02      1.21507700D+01    240.06   93    1
 3.24979D+02
<cross-s.>      3.02      1.26570500D+01    240.06   93    1
 4.34016D+02
<cross-s.>      3.02      1.31633300D+01    240.06   93    1
 5.44447D+02
<cross-s.>      3.02      1.36696100D+01    240.06   93    1
 6.52865D+02
<cross-s.>      3.02      1.41758900D+01    240.06   93    1
 7.57595D+02
<cross-s.>      3.02      1.46821800D+01    240.06   93    1
 8.57782D+02
<cross-s.>      3.02      1.51884600D+01    240.06   93    1
 9.52835D+02
<cross-s.>      3.02      1.56947400D+01    240.06   93    1
 1.04249D+03
<cross-s.>      3.02      8.10050000D-01    240.06  184    1
 1.76106D-49
<cross-s.>      3.02      9.11310000D-01    240.06  184    1
 6.12044D-71
<cross-s.>      3.02      1.01256000D+00    240.06  184    1
 1.07901D-63
<cross-s.>      3.02      1.11382000D+00    240.06  184    1
 1.79730D-57
<cross-s.>      3.02      1.21508000D+00    240.06  184    1
 4.67173D-52
<cross-s.>      3.02      1.31633000D+00    240.06  184    1
 2.72648D-47
<cross-s.>      3.02      1.41759000D+00    240.06  184    1
 4.69881D-43
<cross-s.>      3.02      1.51885000D+00    240.06  184    1
 5.00531D-69
<cross-s.>      3.02      1.62010000D+00    240.06  184    1
 1.33438D-65
<cross-s.>      3.02      1.72136000D+00    240.06  184    1
 1.72426D-62
<cross-s.>      3.02      1.82262000D+00    240.06  184    1
 1.19505D-59
<cross-s.>      3.02      1.92387000D+00    240.06  184    1
 4.82714D-57
<cross-s.>      3.02      2.02513000D+00    240.06  184    1
 1.21794D-54
<cross-s.>      3.02      2.22764000D+00    240.06  184    1
 2.34553D-50
<cross-s.>      3.02      2.43015000D+00    240.06  184    1
 1.21699D-46
<cross-s.>      3.02      2.63267000D+00    240.06  184    1
 2.20289D-43
<cross-s.>      3.02      2.83518000D+00    240.06  184    1
 1.68411D-40
<cross-s.>      3.02      3.03769000D+00    240.06  184    1
 5.69512D-38
<cross-s.>      3.02      3.24020000D+00    240.06  184    1
 1.16591D-35
<cross-s.>      3.02      3.44272000D+00    240.06  184    1
 1.31309D-32
<cross-s.>      3.02      3.64523000D+00    240.06  184    1
 1.08994D-30
<cross-s.>      3.02      3.84774000D+00    240.06  184    1
 5.94524D-29
<cross-s.>      3.02      4.05026000D+00    240.06  184    1
 2.32553D-27
<cross-s.>      3.02      4.55654000D+00    240.06  184    1
 6.64757D-24
<cross-s.>      3.02      5.06282000D+00    240.06  184    1
 4.82298D-21
<cross-s.>      3.02      5.56910000D+00    240.06  184    1
 1.22319D-18
<cross-s.>      3.02      6.07538000D+00    240.06  184    1
 1.35881D-16
<cross-s.>      3.02      6.58167000D+00    240.06  184    1
 7.79230D-15
<cross-s.>      3.02      7.08795000D+00    240.06  184    1
 2.60860D-13
<cross-s.>      3.02      7.59423000D+00    240.06  184    1
 5.60657D-12
<cross-s.>      3.02      8.10051000D+00    240.06  184    1
 8.33730D-11
<cross-s.>      3.02      8.60679000D+00    240.06  184    1
 9.10929D-10
<cross-s.>      3.02      9.11307000D+00    240.06  184    1
 7.67888D-09
<cross-s.>      3.02      9.61936000D+00    240.06  184    1
 5.19994D-08
<cross-s.>      3.02      1.01256400D+01    240.06  184    1
 2.92380D-07
<cross-s.>      3.02      1.06319200D+01    240.06  184    1
 1.40295D-06
<cross-s.>      3.02      1.11382000D+01    240.06  184    1
 5.87541D-06
<cross-s.>      3.02      1.16444800D+01    240.06  184    1
 2.18742D-05
<cross-s.>      3.02      1.21507700D+01    240.06  184    1
 7.35038D-05
<cross-s.>      3.02      1.26570500D+01    240.06  184    1
 2.25733D-04
<cross-s.>      3.02      1.31633300D+01    240.06  184    1
 6.40293D-04
<cross-s.>      3.02      1.36696100D+01    240.06  184    1
 1.69267D-03
<cross-s.>      3.02      1.41758900D+01    240.06  184    1
 4.20314D-03
<cross-s.>      3.02      1.46821800D+01    240.06  184    1
 9.87150D-03
<cross-s.>      3.02      1.51884600D+01    240.06  184    1
 2.20619D-02
<cross-s.>      3.02      1.56947400D+01    240.06  184    1
 4.71762D-02
<cross-s.>      4.00      8.13390000D-01    239.05  184    1
 2.36083D-64
<cross-s.>      4.00      9.15070000D-01    239.05  184    1
 1.74366D-54
<cross-s.>      4.00      1.01674000D+00    239.05  184    1
 3.72327D-46
<cross-s.>      4.00      1.11842000D+00    239.05  184    1
 4.77113D-69
<cross-s.>      4.00      1.22009000D+00    239.05  184    1
 7.96739D-63
<cross-s.>      4.00      1.32177000D+00    239.05  184    1
 2.39264D-57
<cross-s.>      4.00      1.42344000D+00    239.05  184    1
 1.76362D-52
<cross-s.>      4.00      1.52512000D+00    239.05  184    1
 4.05634D-48
<cross-s.>      4.00      1.62679000D+00    239.05  184    1
 3.49592D-44
<cross-s.>      4.00      1.72846000D+00    239.05  184    1
 3.19828D-40
<cross-s.>      4.00      1.83014000D+00    239.05  184    1
 8.02822D-67
<cross-s.>      4.00      1.93181000D+00    239.05  184    1
 7.88989D-64
<cross-s.>      4.00      2.03349000D+00    239.05  184    1
 4.51911D-61
<cross-s.>      4.00      2.23684000D+00    239.05  184    1
 3.74439D-56
<cross-s.>      4.00      2.44018000D+00    239.05  184    1
 6.86107D-52
<cross-s.>      4.00      2.64353000D+00    239.05  184    1
 3.74386D-48
<cross-s.>      4.00      2.84688000D+00    239.05  184    1
 7.57569D-45
<cross-s.>      4.00      3.05023000D+00    239.05  184    1
 6.72779D-42
<cross-s.>      4.00      3.25358000D+00    239.05  184    1
 2.70480D-39
<cross-s.>      4.00      3.45693000D+00    239.05  184    1
 6.66459D-37
<cross-s.>      4.00      3.66028000D+00    239.05  184    1
 3.95764D-34
<cross-s.>      4.00      3.86363000D+00    239.05  184    1
 5.50230D-32
<cross-s.>      4.00      4.06697000D+00    239.05  184    1
 3.63059D-30
<cross-s.>      4.00      4.57535000D+00    239.05  184    1
 3.18582D-26
<cross-s.>      4.00      5.08372000D+00    239.05  184    1
 5.74731D-23
<cross-s.>      4.00      5.59209000D+00    239.05  184    1
 3.07729D-20
<cross-s.>      4.00      6.10046000D+00    239.05  184    1
 6.33358D-18
<cross-s.>      4.00      6.60883000D+00    239.05  184    1
 6.04646D-16
<cross-s.>      4.00      7.11721000D+00    239.05  184    1
 3.08391D-14
<cross-s.>      4.00      7.62558000D+00    239.05  184    1
 9.36805D-13
<cross-s.>      4.00      8.13395000D+00    239.05  184    1
 1.84743D-11
<cross-s.>      4.00      8.64232000D+00    239.05  184    1
 2.53602D-10
<cross-s.>      4.00      9.15069000D+00    239.05  184    1
 2.56686D-09
<cross-s.>      4.00      9.65906000D+00    239.05  184    1
 2.01072D-08
<cross-s.>      4.00      1.01674300D+01    239.05  184    1
 1.26979D-07
<cross-s.>      4.00      1.06758100D+01    239.05  184    1
 6.69018D-07
<cross-s.>      4.00      1.11841800D+01    239.05  184    1
 3.02501D-06
<cross-s.>      4.00      1.16925500D+01    239.05  184    1
 1.20108D-05
<cross-s.>      4.00      1.22009200D+01    239.05  184    1
 4.26494D-05
<cross-s.>      4.00      1.27092900D+01    239.05  184    1
 1.37425D-04
<cross-s.>      4.00      1.32176700D+01    239.05  184    1
 4.06576D-04
<cross-s.>      4.00      1.37260400D+01    239.05  184    1
 1.11523D-03
<cross-s.>      4.00      1.42344100D+01    239.05  184    1
 2.86013D-03
<cross-s.>      4.00      1.47427800D+01    239.05  184    1
 6.90941D-03
<cross-s.>      4.00      1.52511500D+01    239.05  184    1
 1.58291D-02
<cross-s.>      4.00      1.57595200D+01    239.05  184    1
 3.46042D-02
<cross-s.>      4.00      1.62679000D+01    239.05  184    1
 7.26056D-02
<cross-s.>      4.00      1.67762700D+01    239.05  184    1
 1.46986D-01
<cross-s.>      4.00      1.72846400D+01    239.05  184    1
 2.88531D-01
<cross-s.>      4.00      1.77930100D+01    239.05  184    1
 5.51584D-01
<cross-s.>      4.00      1.83013800D+01    239.05  184    1
 1.03057D+00
<cross-s.>      4.00      1.88097600D+01    239.05  184    1
 1.88725D+00
<cross-s.>      4.00      1.93181300D+01    239.05  184    1
 3.39306D+00
<cross-s.>      4.00      1.98265000D+01    239.05  184    1
 5.99238D+00
<cross-s.>      4.00      2.03348700D+01    239.05  184    1
 1.03875D+01
<cross-s.>      4.00      2.13516100D+01    239.05  184    1
 2.91338D+01
<cross-s.>      4.00      2.23683600D+01    239.05  184    1
 7.18293D+01
<cross-s.>      4.00      2.33851000D+01    239.05  184    1
 1.48423D+02
<cross-s.>      4.00      2.44018400D+01    239.05  184    1
 2.54319D+02
<cross-s.>      4.00      2.54185900D+01    239.05  184    1
 3.74387D+02
<cross-s.>      4.00      2.64353300D+01    239.05  184    1
 4.96072D+02
<cross-s.>      4.00      2.74520700D+01    239.05  184    1
 6.13092D+02
<cross-s.>      4.00      2.84688200D+01    239.05  184    1
 7.23194D+02
<cross-s.>      4.00      2.94855600D+01    239.05  184    1
 8.26003D+02
<cross-s.>      4.00      3.05023000D+01    239.05  184    1
 9.21787D+02
