<ine.c.s.>      1.01      1.00000000D-06    242.06    0    2            
0.d0          1                                                         
0.d0          2                                                         
<ine.c.s.>      1.01      1.00000000D-05    242.06    0    2            
0.d0          1                                                         
0.d0          2                                                         
<ine.c.s.>      1.01      1.00000000D-04    242.06    0    2            
0.d0          1                                                         
0.d0          2                                                         
<ine.c.s.>      1.01      1.00000000D-03    242.06    0    2            
0.d0          1                                                         
0.d0          2                                                         
<ine.c.s.>      1.01      2.00000000D-03    242.06    0    2            
0.d0          1                                                         
0.d0          2                                                         
<ine.c.s.>      1.01      4.00000000D-03    242.06    0    2            
0.d0          1                                                         
0.d0          2                                                         
<ine.c.s.>      1.01      7.00000000D-03    242.06    0    2            
0.d0          1                                                         
0.d0          2                                                         
<ine.c.s.>      1.01      1.00000000D-02    242.06    0    2            
0.d0          1                                                         
0.d0          2                                                         
<ine.c.s.>      1.01      2.00000000D-02    242.06    0    2            
0.d0          1                                                         
0.d0          2                                                         
<ine.c.s.>      1.01      4.00000000D-02    242.06    0    2            
0.d0          1                                                         
0.d0          2                                                         
<ine.c.s.>      1.01      7.00000000D-02    242.06    0    2            
 5.14535D+00  1                                                         
0.d0          2                                                         
<ine.c.s.>      1.01      1.00000000D-01    242.06    0    2            
 1.56262D+01  1                                                         
0.d0          2                                                         
<ine.c.s.>      1.01      2.00000000D-01    242.06    0    2            
 6.92025D+01  1                                                         
 3.08026D-01  2                                                         
<ine.c.s.>      1.01      3.00000000D-01    242.06    0    2            
 1.37823D+02  1                                                         
 3.81699D+00  2                                                         
<ine.c.s.>      1.01      4.00000000D-01    242.06    0    2            
 2.16817D+02  1                                                         
 1.36431D+01  2                                                         
<ine.c.s.>      1.01      5.00000000D-01    242.06    0    2            
 2.99854D+02  1                                                         
 3.09527D+01  2                                                         
<ine.c.s.>      1.01      6.00000000D-01    242.06    0    2            
 3.78507D+02  1                                                         
 5.49239D+01  2                                                         
<ine.c.s.>      1.01      7.00000000D-01    242.06    0    2            
 4.46424D+02  1                                                         
 8.33806D+01  2                                                         
<ine.c.s.>      1.01      8.00000000D-01    242.06    0    2            
 5.00686D+02  1                                                         
 1.13600D+02  2                                                         
<ine.c.s.>      1.01      9.00000000D-01    242.06    0    2            
 5.42095D+02  1                                                         
 1.43233D+02  2                                                         
<ine.c.s.>      1.01      1.00000000D+00    242.06    0    2            
 5.72957D+02  1                                                         
 1.70578D+02  2                                                         
<ine.c.s.>      1.01      1.20000000D+00    242.06    0    2            
 6.12274D+02  1                                                         
 2.14766D+02  2                                                         
<ine.c.s.>      1.01      1.40000000D+00    242.06    0    2            
 6.33912D+02  1                                                         
 2.44251D+02  2                                                         
<ine.c.s.>      1.01      1.60000000D+00    242.06    0    2            
 6.45856D+02  1                                                         
 2.61526D+02  2                                                         
<ine.c.s.>      1.01      1.80000000D+00    242.06    0    2            
 6.51269D+02  1                                                         
 2.69761D+02  2                                                         
<ine.c.s.>      1.01      2.00000000D+00    242.06    0    2            
 6.50606D+02  1                                                         
 2.71407D+02  2                                                         
<ine.c.s.>      1.01      2.20000000D+00    242.06    0    2            
 6.43831D+02  1                                                         
 2.68431D+02  2                                                         
<ine.c.s.>      1.01      2.40000000D+00    242.06    0    2            
 6.31658D+02  1                                                         
 2.62568D+02  2                                                         
<ine.c.s.>      1.01      2.60000000D+00    242.06    0    2            
 6.15341D+02  1                                                         
 2.55165D+02  2                                                         
<ine.c.s.>      1.01      2.80000000D+00    242.06    0    2            
 5.96390D+02  1                                                         
 2.47147D+02  2                                                         
<ine.c.s.>      1.01      3.00000000D+00    242.06    0    2            
 5.74930D+02  1                                                         
 2.40756D+02  2                                                         
<ine.c.s.>      1.01      3.20000000D+00    242.06    0    2            
 5.60410D+02  1                                                         
 2.35891D+02  2                                                         
<ine.c.s.>      1.01      3.40000000D+00    242.06    0    2            
 5.44493D+02  1                                                         
 2.30347D+02  2                                                         
<ine.c.s.>      1.01      3.60000000D+00    242.06    0    2            
 5.27595D+02  1                                                         
 2.24221D+02  2                                                         
<ine.c.s.>      1.01      3.80000000D+00    242.06    0    2            
 5.10117D+02  1                                                         
 2.17636D+02  2                                                         
<ine.c.s.>      1.01      4.00000000D+00    242.06    0    2            
 4.92488D+02  1                                                         
 2.10766D+02  2                                                         
<ine.c.s.>      1.01      4.20000000D+00    242.06    0    2            
 4.75107D+02  1                                                         
 2.03761D+02  2                                                         
<ine.c.s.>      1.01      4.40000000D+00    242.06    0    2            
 4.58337D+02  1                                                         
 1.96769D+02  2                                                         
<ine.c.s.>      1.01      4.60000000D+00    242.06    0    2            
 4.42477D+02  1                                                         
 1.89910D+02  2                                                         
<ine.c.s.>      1.01      4.80000000D+00    242.06    0    2            
 4.27751D+02  1                                                         
 1.83270D+02  2                                                         
<ine.c.s.>      1.01      5.00000000D+00    242.06    0    2            
 4.14290D+02  1                                                         
 1.76916D+02  2                                                         
<ine.c.s.>      1.01      5.20000000D+00    242.06    0    2            
 4.02178D+02  1                                                         
 1.70871D+02  2                                                         
<ine.c.s.>      1.01      5.40000000D+00    242.06    0    2            
 3.91428D+02  1                                                         
 1.65158D+02  2                                                         
<ine.c.s.>      1.01      5.60000000D+00    242.06    0    2            
 3.82015D+02  1                                                         
 1.59762D+02  2                                                         
<ine.c.s.>      1.01      5.80000000D+00    242.06    0    2            
 3.73860D+02  1                                                         
 1.54672D+02  2                                                         
<ine.c.s.>      1.01      6.00000000D+00    242.06    0    2            
 3.66846D+02  1                                                         
 1.49846D+02  2                                                         
<ine.c.s.>      1.01      6.20000000D+00    242.06    0    2            
 3.60829D+02  1                                                         
 1.45258D+02  2                                                         
<ine.c.s.>      1.01      6.40000000D+00    242.06    0    2            
 3.55645D+02  1                                                         
 1.40859D+02  2                                                         
<ine.c.s.>      1.01      6.60000000D+00    242.06    0    2            
 3.51132D+02  1                                                         
 1.36622D+02  2                                                         
<ine.c.s.>      1.01      6.80000000D+00    242.06    0    2            
 3.47140D+02  1                                                         
 1.32517D+02  2                                                         
<ine.c.s.>      1.01      7.00000000D+00    242.06    0    2            
 3.43535D+02  1                                                         
 1.28522D+02  2                                                         
<ine.c.s.>      1.01      7.20000000D+00    242.06    0    2            
 3.40202D+02  1                                                         
 1.24625D+02  2                                                         
<ine.c.s.>      1.01      7.40000000D+00    242.06    0    2            
 3.37056D+02  1                                                         
 1.20821D+02  2                                                         
<ine.c.s.>      1.01      7.60000000D+00    242.06    0    2            
 3.34008D+02  1                                                         
 1.17099D+02  2                                                         
<ine.c.s.>      1.01      7.80000000D+00    242.06    0    2            
 3.31014D+02  1                                                         
 1.13468D+02  2                                                         
<ine.c.s.>      1.01      8.00000000D+00    242.06    0    2            
 3.28022D+02  1                                                         
 1.09927D+02  2                                                         
<ine.c.s.>      1.01      8.50000000D+00    242.06    0    2            
 3.20474D+02  1                                                         
 1.01552D+02  2                                                         
<ine.c.s.>      1.01      9.00000000D+00    242.06    0    2            
 3.12656D+02  1                                                         
 9.38958D+01  2                                                         
<ine.c.s.>      1.01      9.50000000D+00    242.06    0    2            
 3.04651D+02  1                                                         
 8.70034D+01  2                                                         
<ine.c.s.>      1.01      1.00000000D+01    242.06    0    2            
 2.96584D+02  1                                                         
 8.08359D+01  2                                                         
<ine.c.s.>      1.01      1.05000000D+01    242.06    0    2            
 2.88599D+02  1                                                         
 7.53118D+01  2                                                         
<ine.c.s.>      1.01      1.10000000D+01    242.06    0    2            
 2.80778D+02  1                                                         
 7.03382D+01  2                                                         
<ine.c.s.>      1.01      1.15000000D+01    242.06    0    2            
 2.73134D+02  1                                                         
 6.58269D+01  2                                                         
<ine.c.s.>      1.01      1.20000000D+01    242.06    0    2            
 2.65671D+02  1                                                         
 6.17144D+01  2                                                         
<ine.c.s.>      1.01      1.25000000D+01    242.06    0    2            
 2.58326D+02  1                                                         
 5.79404D+01  2                                                         
<ine.c.s.>      1.01      1.30000000D+01    242.06    0    2            
 2.51062D+02  1                                                         
 5.44645D+01  2                                                         
<ine.c.s.>      1.01      1.35000000D+01    242.06    0    2            
 2.43874D+02  1                                                         
 5.12553D+01  2                                                         
<ine.c.s.>      1.01      1.40000000D+01    242.06    0    2            
 2.36747D+02  1                                                         
 4.82783D+01  2                                                         
<ine.c.s.>      1.01      1.45000000D+01    242.06    0    2            
 2.29720D+02  1                                                         
 4.55113D+01  2                                                         
<ine.c.s.>      1.01      1.50000000D+01    242.06    0    2            
 2.22843D+02  1                                                         
 4.29344D+01  2                                                         
<ine.c.s.>      1.01      1.60000000D+01    242.06    0    2            
 2.09841D+02  1                                                         
 3.83061D+01  2                                                         
<ine.c.s.>      1.01      1.70000000D+01    242.06    0    2            
 1.98278D+02  1                                                         
 3.43234D+01  2                                                         
<ine.c.s.>      1.01      1.80000000D+01    242.06    0    2            
 1.88489D+02  1                                                         
 3.09352D+01  2                                                         
<ine.c.s.>      1.01      1.90000000D+01    242.06    0    2            
 1.80511D+02  1                                                         
 2.80872D+01  2                                                         
<ine.c.s.>      1.01      2.00000000D+01    242.06    0    2            
 1.74100D+02  1                                                         
 2.57100D+01  2                                                         
